--- Terminal on com4 | 115200 8-N-1
--- Available filters and text transformations: colorize, debug, default, direct, esp8266_exception_decoder, hexlify, log2file, nocontrol, printable, send_on_enter, time
--- More details at https://bit.ly/pio-monitor-filters
--- Quit: Ctrl+C | Menu: Ctrl+T | Help: Ctrl+T followed by Ctrl+H


RMS2 Version 1.0  20230831
231013 07:15:00 
07:15:00  24984 24074 24086 24052 0 0 1 0 0 0 0 17020 16863 8 ms:812
07:15:01  24981 24052 24061 24048 0 0 0 0 0 0 0 17099 16784 65489 ms:812
07:15:02  24984 24048 24048 24038 0 0 0 0 0 0 0 17020 16784 65386 ms:812
07:15:03  24981 24057 24062 24038 0 0 0 0 0 0 0 17020 16784 65406 ms:813
07:15:04  24977 24040 24044 24033 0 0 0 0 0 0 0 17020 16784 65362 ms:814
07:15:05  24978 24052 24052 24042 0 0 0 0 0 0 0 17020 16784 65392 ms:815
07:15:06  24980 24080 24080 24053 0 1 0 0 0 0 0 17178 16784 84 ms:794
07:15:07  24982 24057 24089 24057 0 0 0 0 0 0 0 17020 16863 0 ms:814
07:15:08  24977 24059 24068 24058 0 1 0 0 0 0 0 17020 16784 65431 ms:815
07:15:09  24984 24053 24065 24042 0 0 0 0 0 0 0 17099 16863 34 ms:795
07:15:10  24987 24082 24085 24068 1 0 0 0 0 0 0 17099 16863 113 ms:794
07:15:11  24978 24049 24065 24049 0 0 0 0 0 0 0 17020 16863 65488 ms:814
07:15:12  24978 24046 24046 24033 0 0 0 0 0 0 0 17099 16784 65450 ms:815
07:15:13  24976 24058 24058 24048 0 0 1 0 0 0 0 17099 16863 31 ms:795
07:15:14  24978 24049 24064 24049 0 0 0 1 0 0 0 17020 16784 65409 ms:796
07:15:15  24979 24066 24080 24065 0 0 0 0 0 0 0 17099 16784 1 ms:796
07:15:16  24976 24057 24063 24051 0 0 0 0 0 0 0 17020 16863 65494 ms:797
07:15:17  24975 24041 24049 24038 0 1 0 0 1 0 0 17020 16784 65373 ms:796
07:15:18  24979 24060 24065 24045 0 0 0 0 0 0 0 17099 16784 65496 ms:797
07:15:19  24975 24064 24070 24058 0 0 0 0 0 0 0 17020 16784 65435 ms:797
07:15:20  24977 24048 24052 24043 0 0 0 0 0 0 0 17020 16784 65388 ms:798
07:15:21  24982 24058 24063 24045 0 0 0 0 0 0 0 17020 16784 65416 ms:798
07:15:22  24981 24041 24060 24038 0 0 0 0 0 0 0 17020 16784 65388 ms:798
07:15:23  24982 24036 24037 24028 0 0 0 0 0 0 0 17020 16784 65351 ms:798
07:15:24  24977 24010 24022 24003 0 0 0 0 0 0 0 17020 16784 65280 ms:798
07:15:25  24974 23990 24004 23988 0 0 0 0 0 0 0 17020 16784 65224 ms:799
07:15:26  24977 24017 24026 24009 0 0 0 0 0 0 0 17020 16784 65297 ms:799
07:15:27  24972 24018 24026 24011 0 0 0 0 0 0 0 17020 16784 65295 ms:800
07:15:28  24977 24027 24035 24016 0 0 0 0 0 0 0 17099 16705 65323 ms:940
07:15:29  24977 24012 24038 24012 0 0 0 0 0 0 0 17020 16784 65307 ms:801
07:15:30  24981 24025 24028 24017 0 0 0 0 0 0 0 17020 16784 65319 ms:802
07:15:31  24983 24021 24032 24015 0 0 0 0 0 0 0 17020 16784 65319 ms:802
07:15:32  24981 24003 24020 23984 0 0 0 0 0 0 0 17020 16784 65256 ms:803
07:15:33  24980 23973 23993 23973 0 0 0 0 0 0 0 16942 16784 65109 ms:804
07:15:34  24981 23991 23993 23981 1 0 0 0 0 0 0 16942 16705 65058 ms:804
07:15:35  24979 23996 23996 23978 0 0 0 0 0 0 0 16942 16705 65060 ms:803
07:15:36  24973 23981 24000 23981 -1 0 0 0 0 0 0 16942 16705 65045 ms:803
07:15:37  24971 23986 23986 23967 0 0 0 0 0 0 0 16863 16626 64863 ms:803
07:15:38  24973 23997 23997 23984 0 0 0 0 0 0 1 16863 16626 64905 ms:804
07:15:39  24977 24004 24004 23986 0 0 0 0 0 0 0 16863 16626 64924 ms:805
07:15:40  24980 23994 24001 23986 0 0 0 0 0 0 0 16863 16626 64914 ms:806
07:15:41  24981 23970 23988 23970 0 -1 0 0 0 0 0 16942 16548 64862 ms:948
07:15:42  24984 23967 23968 23960 0 0 0 0 0 1 0 16784 16626 64754 ms:808
07:15:43  24983 23959 23967 23952 0 1 0 0 0 0 0 16784 16548 64658 ms:809
07:15:44  24980 23933 23957 23933 0 0 0 0 0 0 0 16784 16548 64599 ms:810
07:15:45  24978 23954 23957 23946 0 0 0 0 0 0 0 16784 16548 64631 ms:811
07:15:46  24983 23961 23961 23926 0 0 0 0 0 0 0 16784 16548 64627 ms:811
07:15:47  24986 23978 23982 23973 0 0 0 0 0 0 0 16784 16548 64715 ms:811
07:15:48  24988 23986 23986 23963 0 0 0 0 0 0 0 16784 16548 64719 ms:811
07:15:49  24988 23973 23975 23964 0 0 0 0 0 0 0 16863 16469 64696 ms:951
07:15:50  24990 23971 23971 23952 0 0 0 1 0 0 0 16784 16548 64681 ms:811
07:15:51  24988 23949 23969 23944 0 0 0 0 0 0 0 16705 16469 64488 ms:811
07:15:52  24985 23925 23942 23925 0 0 0 0 0 0 0 16705 16469 64415 ms:811
07:15:53  24980 23934 23941 23921 0 0 0 0 0 0 0 16705 16469 64414 ms:811
07:15:54  24983 23945 23949 23925 0 0 0 0 0 0 0 16705 16469 64440 ms:811
07:15:55  24980 23954 23961 23954 0 0 0 0 0 0 0 16626 16469 64408 ms:811
07:15:56  24973 23931 23943 23931 0 0 0 0 0 0 0 16626 16390 64258 ms:811
07:15:57  24979 23952 23952 23935 0 1 0 0 0 0 0 16705 16390 64378 ms:811
07:15:58  24977 23977 23988 23970 0 0 1 0 0 0 0 16705 16469 64551 ms:812
07:15:59  24975 23977 23980 23968 0 0 0 0 0 0 0 16705 16469 64538 ms:813
07:16:00  24980 23967 23976 23967 0 0 0 0 0 0 0 16705 16469 64528 ms:813
07:16:01  24982 23993 24009 23990 0 0 0 0 0 0 0 16863 16469 64770 ms:953
07:16:02  24980 23980 23994 23976 0 1 0 0 0 0 0 16784 16548 64727 ms:813
07:16:03  24979 23972 23980 23969 0 0 0 0 0 0 0 16784 16548 64696 ms:813
07:16:04  24980 23986 23987 23974 0 0 0 0 0 0 0 16784 16548 64723 ms:814
07:16:05 

RMS2 Version 1.0  20230831
231013 07:16:00 
07:16:00  24978 24000 24009 24000 0 0 0 0 0 0 0 16784 16626 64861 ms:805
07:16:01  24978 23987 24003 23987 0 0 0 0 0 0 0 16784 16548 64751 ms:804
07:16:02  24976 23992 23994 23980 0 0 0 0 0 0 0 16784 16548 64738 ms:804
07:16:03  24981 24007 24013 23990 0 0 0 0 0 0 0 16784 16548 64787 ms:805
07:16:04  24980 23996 24009 23996 0 0 0 0 0 0 0 16784 16626 64855 ms:806
07:16:05  24979 23980 23986 23969 0 0 0 0 0 0 0 16784 16548 64710 ms:807
07:16:06  24984 23983 23994 23972 0 0 0 0 0 0 0 16863 16626 64886 ms:808
07:16:07  24984 23997 24000 23985 0 0 0 1 0 1 0 16784 16626 64842 ms:808
07:16:08  24978 23983 23984 23976 0 0 0 0 0 0 0 16784 16548 64717 ms:809
07:16:09  24983 23952 23971 23949 0 0 0 0 0 0 0 16784 16548 64651 ms:810
07:16:10  24984 23991 23991 23979 0 0 0 0 0 0 0 16784 16548 64741 ms:809
07:16:11  24983 23974 23983 23974 0 0 0 0 0 0 0 16784 16548 64710 ms:809
07:16:12  24987 23988 23998 23988 0 0 0 0 0 0 0 16784 16548 64757 ms:809
07:16:13  24985 23988 23993 23975 0 0 0 0 0 0 0 16784 16548 64737 ms:810
07:16:14  24990 23985 23985 23962 0 0 0 0 0 0 0 16784 16548 64718 ms:810
07:16:15  24991 23961 23992 23961 0 0 0 0 0 0 0 16784 16548 64701 ms:810
07:16:16  24992 23975 23981 23966 0 0 0 0 0 0 0 16863 16469 64710 ms:950
07:16:17  24992 23963 23973 23963 0 0 0 0 0 0 0 16784 16548 64687 ms:809
07:16:18  24991 23954 23968 23954 0 0 0 0 0 0 0 16784 16548 64663 ms:809
07:16:19  24989 23953 23963 23943 0 0 0 0 0 0 0 16784 16548 64644 ms:808
07:16:20  24991 23971 23978 23962 0 0 0 0 0 0 0 16784 16548 64698 ms:808
07:16:21  24985 24021 24023 24011 0 0 0 0 0 0 0 17020 16784 65308 ms:808
07:16:22  24980 24007 24011 23998 0 0 0 0 0 0 0 17020 16784 65264 ms:808
07:16:23  24983 24032 24035 24025 0 0 0 0 0 0 0 17020 16784 65343 ms:808
07:16:24  24981 24051 24051 24040 1 0 0 0 0 0 0 17020 16784 65392 ms:808
07:16:25  24982 24034 24046 24028 0 1 0 0 0 0 0 17020 16784 65359 ms:809
07:16:26  24985 24042 24045 24033 0 1 0 0 0 0 1 17020 16784 65375 ms:809
07:16:27  24989 24061 24068 24047 0 0 0 0 1 1 0 17020 16784 65435 ms:809
07:16:28  24988 24036 24053 24035 0 0 0 0 0 0 1 17020 16784 65381 ms:808
07:16:29  24988 24019 24024 24009 1 0 0 0 0 0 0 17020 16784 65309 ms:808
07:16:30  24986 24027 24031 24016 0 0 0 0 0 0 0 17020 16784 65328 ms:808
07:16:31  24985 23871 24032 23851 0 0 0 0 0 0 0 16942 16548 64693 ms:809
07:16:32  24980 23964 23964 23957 0 0 0 0 0 0 0 16705 16469 64503 ms:810
07:16:33  24982 24028 24031 24008 0 0 0 0 0 0 0 17020 16784 65317 ms:811
07:16:34  24982 24046 24048 24036 0 0 0 0 0 0 0 17020 16784 65380 ms:812
07:16:35  24984 24038 24048 24030 0 0 1 0 0 0 0 17099 16705 65369 ms:951
07:16:36  24984 24031 24040 24022 0 0 0 0 0 0 0 17020 16784 65345 ms:811
07:16:37  24983 24001 24021 23998 0 0 0 0 0 0 0 17020 16784 65271 ms:813
07:16:38  24986 24018 24018 24001 0 0 0 0 0 0 0 17099 16705 65291 ms:953
07:16:39  24984 24004 24030 24004 0 0 0 0 0 0 0 17099 16784 65369 ms:813
07:16:40  24980 23985 23999 23979 0 0 0 0 0 0 0 16942 16784 65133 ms:813
07:16:41  24979 24015 24018 23999 0 0 0 0 0 0 0 17020 16784 65279 ms:813
07:16:42  24978 24028 24028 24014 0 0 0 0 0 0 0 17020 16784 65316 ms:814
07:16:43  24980 24036 24039 24032 0 0 0 0 0 0 0 17020 16784 65355 ms:814
07:16:44  24977 24034 24047 24031 0 0 0 0 0 0 0 17020 16784 65357 ms:814
07:16:45  24982 24030 24041 24025 0 0 0 0 0 0 0 17020 16784 65346 ms:814
07:16:46  24983 24052 24058 24050 0 0 0 0 0 0 0 17020 16784 65411 ms:815
07:16:47  24980 24016 24052 24016 0 0 0 0 0 0 0 17178 16784 65490 ms:795
07:16:48  24983 24028 24030 24022 0 0 0 0 0 0 0 17099 16784 65410 ms:796
07:16:49  24982 24051 24051 24036 0 0 0 0 0 0 0 17020 16784 65388 ms:795
07:16:50  24981 23994 24039 23994 0 0 0 0 0 0 0 17178 16784 65434 ms:796
07:16:51  24983 24043 24043 24032 0 1 0 0 0 0 0 17020 16784 65370 ms:796
07:16:52  24984 24049 24049 24036 0 0 0 0 0 0 0 17020 16784 65386 ms:796
07:16:53  24980 24032 24036 24022 1 0 0 0 0 0 0 17020 16784 65339 ms:796
07:16:54  24986 24035 24037 24023 0 0 0 0 0 0 0 17099 16705 65349 ms:936
07:16:55  24987 24062 24062 24050 0 0 0 0 0 0 0 17020 16784 65429 ms:796
07:16:56  24984 24034 24054 24033 0 0 0 0 0 0 0 17020 16784 65373 ms:796
07:16:57  24989 24049 24049 24032 0 1 0 0 0 0 0 17020 16784 65388 ms:796
07:16:58  24987 24048 24055 24044 0 0 0 0 0 0 0 17020 16784 65402 ms:795
07:16:59  24982 24010 24019 23998 0 0 0 0 0 0 0 17099 16784 65356 ms:796
07:17:00  24981 24032 24038 24027 0 1 0 0 0 0 0 17020 16784 65347 ms:796
07:17:01  24981 24050 24053 24039 0 0 0 0 0 0 0 17020 16784 65391 ms:797
07:17:02  24980 24068 24068 24045 0 0 0 0 0 0 0 17020 16784 65429 ms:797
07:17:03  24982 24057 24061 24051 0 0 1 0 0 0 0 17020 16784 65420 ms:797
07:17:04  24982 24062 24062 24052 0 0 0 0 0 0 0 17020 16784 65426 ms:797
07:17:05  24982 24059 24069 24047 0 0 0 0 0 0 0 17020 16784 65425 ms:797
07:17:06  24983 24018 24018 23982 0 0 0 0 0 0 0 17020 16784 65269 ms:797
07:17:07  24985 24033 24033 24020 0 0 0 0 0 0 0 17020 16784 65339 ms:796
07:17:08  24986 24028 24028 24005 0 0 0 0 0 0 0 17020 16784 65315 ms:796
07:17:09  24993 24051 24051 24037 0 0 0 0 0 0 0 17020 16784 65400 ms:796
07:17:10  24987 24055 24055 24018 0 0 0 0 0 0 0 17020 16784 65383 ms:797
07:17:11  24987 24018 24027 23982 0 0 0 1 0 0 0 17020 16705 65204 ms:796
07:17:12  24989 24039 24039 24016 0 0 0 0 0 0 0 17020 16784 65351 ms:796
07:17:13  24985 24037 24044 24034 0 0 0 0 0 0 0 17099 16705 65368 ms:936
07:17:14  24991 24023 24029 24003 0 0 0 0 0 0 0 17020 16705 65235 ms:797
07:17:15  24993 24055 24055 24035 0 0 0 0 0 0 0 17020 16784 65406 ms:797
07:17:16  24989 24046 24054 24022 0 0 0 0 0 0 0 17099 16784 65458 ms:796
07:17:17  24992 24031 24031 24014 0 0 0 0 0 0 0 17099 16705 65336 ms:936
07:17:18  24991 24037 24045 24030 0 0 0 0 0 0 0 17020 16784 65371 ms:795
07:17:19  24988 24029 24032 23991 0 0 0 0 0 0 0 17178 16626 65308 ms:795
07:17:20  24981 24023 24029 24009 0 0 0 0 0 0 0 17178 16784 65468 ms:795
07:17:21  24983 24020 24020 24003 0 0 0 0 0 0 0 17099 16784 65373 ms:796
07:17:22  24982 24038 24044 23991 1 0 0 0 0 0 0 17020 16548 65088 ms:797
07:17:23  24979 24028 24037 24019 0 0 0 0 0 0 0 17099 16705 65331 ms:938
07:17:24  24976 24025 24028 24019 0 0 0 0 0 0 0 17020 16784 65316 ms:799
07:17:25  24980 24020 24031 24020 0 0 0 0 0 0 0 17020 16784 65319 ms:798
07:17:26  24976 24043 24049 24035 0 0 0 0 0 0 0 17020 16784 65371 ms:798
07:17:27  24982 24033 24035 24013 0 0 0 0 0 0 0 17020 16784 65331 ms:798
07:17:28  24984 24057 24064 24043 0 0 0 0 0 1 0 17099 16784 65496 ms:799
07:17:29  24981 24030 24041 24026 0 0 0 0 0 0 0 17020 16784 65346 ms:799


RMS2 Version 1.0  20230831
231013 07:18:00 
07:18:00  24983 24027 24031 24012 0 0 0 0 0 0 0 17020 16784 65321 ms:797
07:18:01  24984 24049 24049 24020 0 0 0 0 0 0 0 17099 16784 65449 ms:796
07:18:02  24985 24039 24044 24032 0 0 0 0 0 0 0 17020 16863 65447 ms:796
07:18:03  24992 24038 24041 24016 0 0 0 0 0 0 0 17020 16784 65355 ms:796
07:18:04  24992 24028 24051 24028 0 0 0 0 0 0 0 17020 16784 65367 ms:796
07:18:05  24992 24027 24027 23999 0 0 0 0 0 0 0 17020 16784 65313 ms:796
07:18:06  24993 24028 24030 23992 0 0 0 0 0 0 0 17020 16705 65232 ms:795
07:18:07  24989 24022 24027 24017 0 0 0 0 0 0 0 17178 16784 65481 ms:796
07:18:08  24990 24032 24039 24028 0 0 0 0 0 0 0 17099 16784 65436 ms:795
07:18:09  24987 24014 24022 24003 0 0 0 0 0 0 0 17099 16705 65294 ms:795
07:18:10  24986 24035 24035 23998 0 0 0 0 0 0 0 17099 16784 65401 ms:795
07:18:11  24988 24036 24039 24023 0 1 0 0 0 0 0 17178 16784 0 ms:795


RMS2 Version 1.0  20230831
231013 07:18:00 
07:18:00  24996 24028 24048 24012 0 0 0 0 0 0 0 17020 16784 65352 ms:806
07:18:01  24993 24023 24031 24002 0 0 0 0 0 0 0 17020 16784 65317 ms:805
07:18:02  24994 24019 24027 24014 0 0 0 0 0 0 0 17020 16784 65322 ms:805
07:18:03  24994 24023 24023 24004 0 0 0 0 0 0 0 17020 16784 65312 ms:805
07:18:04  24994 24026 24029 24009 0 0 0 0 0 0 0 17020 16784 65326 ms:805
07:18:05  24989 24016 24031 24016 0 0 0 0 0 0 0 17020 16784 65320 ms:805
07:18:06  24988 24010 24014 23973 0 0 0 0 0 0 0 17020 16705 65174 ms:805
07:18:07  24986 24032 24032 24020 -1 0 0 0 0 0 0 17020 16784 65337 ms:805
07:18:08  24989 24034 24045 24001 0 0 0 0 0 0 0 17099 16705 65337 ms:805
07:18:09  24989 24055 24055 24040 0 0 0 0 0 0 0 17099 16784 65486 ms:805
07:18:10  24990 24040 24051 24036 0 0 0 0 0 0 0 17020 16784 65385 ms:804
07:18:11  24998 24051 24051 24022 0 0 0 0 1 0 0 17099 16705 65391 ms:804
07:18:12  25009 24075 24075 24051 0 1 1 1 0 0 0 17099 16863 103 ms:803
07:18:13  25009 24050 24065 24044 0 0 1 0 0 0 0 17099 16863 59 ms:802
07:18:14  25006 24000 24030 24000 0 1 0 0 0 0 0 17178 16784 65463 ms:801
07:18:15  25010 24013 24013 23992 0 0 0 0 0 0 0 17020 16784 65296 ms:800
07:18:16  25006 24014 24025 24010 0 0 0 0 0 0 0 17020 16784 65323 ms:799
07:18:17  25005 24007 24009 23998 0 0 0 0 0 0 0 17020 16784 65287 ms:797
07:18:18  25007 24035 24035 24007 0 1 0 0 0 0 0 17020 16863 65432 ms:796
07:18:19  25006 24039 24048 24036 0 0 0 0 0 0 0 17099 16863 19 ms:794
07:18:20  25002 24023 24040 24023 1 0 0 0 0 0 0 17099 16784 65436 ms:813
07:18:21  25002 24028 24028 24019 0 0 0 0 0 0 0 17020 16863 65424 ms:812
07:18:22  24997 24031 24039 24021 0 0 0 0 0 0 0 17020 16863 65435 ms:812
07:18:23  24992 24016 24024 24015 0 0 0 0 0 0 0 17020 16784 65315 ms:812
07:18:24  24991 24044 24044 24027 0 0 0 0 0 0 0 17020 16784 65374 ms:812
07:18:25  24988 24042 24046 24029 0 0 0 0 0 0 0 17099 16784 65452 ms:812
07:18:26  24987 24053 24053 24037 0 0 0 0 0 0 0 17020 16784 65398 ms:812
07:18:27  24988 24051 24069 24041 0 0 0 0 0 0 0 17099 16784 65496 ms:812
07:18:28  24984 24049 24059 24048 0 0 0 0 0 0 0 17020 16784 65408 ms:812
07:18:29  24987 24056 24063 24039 0 0 0 0 0 0 0 17099 16784 65492 ms:812
07:18:30  24985 24062 24078 24059 0 0 0 0 0 0 0 17020 16784 65452 ms:812
07:18:31  24982 24040 24055 24040 0 0 0 0 0 0 0 17020 16784 65385 ms:812
07:18:32  24982 24044 24044 24026 0 0 0 0 0 0 0 17099 16705 65364 ms:953
07:18:33  24979 24036 24058 24036 0 0 0 0 0 0 0 17020 16784 65377 ms:813
07:18:34  24978 24051 24054 24034 1 0 0 0 0 0 0 17099 16784 65465 ms:813
07:18:35  24980 24076 24076 24051 0 0 0 0 0 0 0 17099 16863 73 ms:813
07:18:36  24982 24065 24065 24058 0 0 0 0 0 0 0 17020 16784 65438 ms:813
07:18:37  24983 24062 24072 24056 0 1 0 0 0 0 0 17020 16784 65442 ms:813
07:18:38  24988 24070 24074 24062 0 0 0 0 0 0 0 17099 16784 5 ms:813
07:18:39  24990 24081 24085 24072 0 0 0 0 0 0 0 17020 16863 39 ms:813
07:18:40  24987 24063 24077 24063 0 0 0 0 0 0 0 17099 16784 1 ms:812
07:18:41  24989 24057 24067 24055 0 0 0 0 0 0 0 17020 16784 65436 ms:812
07:18:42  24985 24067 24071 24059 0 0 0 0 0 0 0 17020 16863 0 ms:812
07:18:43  24987 24065 24067 24060 0 0 0 0 0 0 0 17099 16863 69 ms:812
07:18:44  24987 24064 24069 24058 0 0 0 0 0 0 0 17020 16863 0 ms:812
07:18:45  24988 24072 24075 24061 0 0 0 0 0 0 0 17020 16863 7 ms:812


RMS2 Version 1.0  20230831
231013 07:19:00 
07:19:00  24984 24066 24071 24053 0 0 0 0 0 0 0 17020 16863 0 ms:810


RMS2 Version 1.0  20230831
231013 07:19:00 
07:19:00  24980 24066 24082 24066 0 0 0 0 0 0 0 17020 16863 5 ms:802
07:19:01  24977 24059 24070 24054 0 0 1 0 0 0 0 17020 16784 65429 ms:801
07:19:02  24983 24093 24093 24059 0 0 0 0 0 0 0 17178 16705 39 ms:941
07:19:03  24985 24090 24097 24082 0 0 0 0 0 0 0 17178 16784 144 ms:942
07:19:04  24987 24073 24074 24070 0 0 0 0 0 0 0 17099 16863 94 ms:802
07:19:05  24987 24062 24072 24061 0 0 0 0 0 0 0 17099 16784 0 ms:942
07:19:06  24986 24053 24063 24048 0 0 0 0 0 0 0 17099 16784 65497 ms:802
07:19:07  24990 24059 24059 24026 0 0 0 0 0 0 0 17020 16863 65481 ms:802
07:19:08  24989 24071 24077 24067 0 0 0 0 0 0 0 17020 16863 15 ms:801
07:19:09  24990 24063 24071 24061 0 0 0 0 0 0 0 17020 16863 0 ms:801
07:19:10  24989 24050 24061 24044 1 0 0 0 0 0 0 17099 16863 35 ms:800
07:19:11  24988 24052 24063 24048 0 0 0 0 0 0 0 17099 16863 41 ms:801
07:19:12  24988 24052 24060 24043 0 0 0 0 0 0 0 17099 16784 65490 ms:801
07:19:13  24990 24072 24076 24060 0 2 0 0 0 0 0 17020 16863 11 ms:801
07:19:14  24992 24075 24075 24063 0 0 1 0 0 0 0 17099 16863 96 ms:801
07:19:15  24990 24062 24077 24062 0 0 0 0 0 0 0 17099 16863 81 ms:801
07:19:16  24990 24073 24073 24058 0 0 0 0 0 0 0 17020 16784 65462 ms:801
07:19:17  24990 24064 24076 24056 0 0 0 0 0 0 0 17099 16863 76 ms:800
07:19:18  24993 24084 24084 24072 0 0 0 0 0 0 0 17020 16863 44 ms:800
07:19:19  24990 24075 24082 24071 0 0 0 0 0 0 0 17099 16863 108 ms:799
07:19:20  24990 24068 24084 24065 0 0 0 0 0 0 0 17099 16863 97 ms:799
07:19:21  24991 24088 24091 24082 0 0 0 0 1 0 0 17099 16863 143 ms:799
07:19:22  24989 24094 24098 24090 0 0 0 0 0 0 0 17099 16863 161 ms:799
07:19:23  24990 24064 24082 24064 0 1 0 0 0 0 0 17099 16863 91 ms:799
07:19:24  24994 24098 24099 24075 0 0 0 0 0 0 0 17099 16863 156 ms:799
07:19:25  24993 24076 24093 24076 0 0 1 0 0 0 0 17099 16863 129 ms:799
07:19:26  24996 24085 24092 24078 0 0 0 0 0 0 0 17099 16863 141 ms:798
07:19:27  24997 24086 24089 24067 0 0 0 0 0 0 0 17099 16863 129 ms:798
07:19:28  24998 24063 24078 24045 0 0 0 0 0 0 0 17099 16863 74 ms:796
07:19:29  24993 24053 24068 24050 0 0 0 0 0 0 1 17099 16705 65433 ms:936
07:19:30  24993 24063 24063 24053 0 0 0 0 0 0 0 17099 16784 0 ms:794


RMS2 Version 1.0  20230831
231013 07:19:00 
07:19:00  24991 24061 24078 24053 0 0 0 0 0 0 0 17099 16863 73 ms:798
07:19:01  24993 24070 24076 24067 0 0 0 0 0 0 0 17020 16784 65474 ms:798
07:19:02  24986 24060 24067 24056 0 0 0 0 0 0 0 17020 16863 0 ms:798
07:19:03  24986 24054 24061 24047 0 0 0 0 0 0 0 17020 16784 65416 ms:798
07:19:04  24994 24087 24094 24064 0 0 0 0 0 0 0 17020 16863 50 ms:798
07:19:05  24992 24075 24088 24073 0 0 0 0 0 0 0 17099 16863 118 ms:799
07:19:06  24989 24040 24069 24039 0 0 0 0 0 0 0 17020 16863 65484 ms:798
07:19:07  24991 24026 24026 24017 0 0 0 0 0 0 0 17020 16784 65328 ms:798
07:19:08  24994 24040 24049 24036 0 0 0 0 0 0 0 17020 16784 65387 ms:797
07:19:09  24991 24019 24031 24019 0 0 0 0 0 0 0 17020 16784 65328 ms:797
07:19:10  24989 24027 24030 24017 0 0 0 0 0 0 0 17020 16784 65331 ms:796
07:19:11  24987 24032 24032 24016 0 0 0 0 0 0 0 17099 16784 65414 ms:797
07:19:12  24990 24054 24054 24037 0 0 0 0 0 0 0 17020 16784 65403 ms:797
07:19:13  24988 24056 24059 24043 0 0 0 0 0 0 0 17099 16784 65493 ms:797
07:19:14  24992 24060 24068 24055 0 0 0 0 0 0 0 17020 16863 0 ms:797
07:19:15  24996 24081 24094 24076 0 0 0 0 0 0 0 17099 16863 137 ms:796
07:19:16  24994 24073 24087 24073 0 0 0 0 0 0 0 17099 16863 117 ms:796
07:19:17  24994 24055 24065 24051 0 0 0 0 0 0 0 17099 16784 0 ms:936


RMS2 Version 1.0  20230831
231013 07:20:00 
07:20:00  24995 24081 24087 24071 0 0 0 0 0 0 0 17099 16863 124 ms:801
07:20:01  24992 24061 24079 24059 0 0 0 0 0 0 0 17020 16863 2 ms:800
07:20:02  24994 24071 24071 24052 0 0 0 0 0 0 0 17099 16863 78 ms:800
07:20:03  24991 24081 24086 24074 0 0 0 0 0 0 0 17020 16863 43 ms:800
07:20:04  24984 24075 24083 24067 0 0 0 0 0 0 0 17099 16863 99 ms:800
07:20:05  24983 24064 24077 24053 0 0 0 0 0 0 0 17020 16784 65445 ms:801
07:20:06  24980 24102 24102 24078 0 0 1 0 0 0 0 17099 16863 153 ms:802
07:20:07  24982 24101 24101 24084 0 0 0 0 0 0 0 17020 16863 79 ms:803
07:20:08  24987 24113 24113 24091 0 0 0 0 0 0 0 17099 16863 194 ms:803
07:20:09  24991 24106 24120 24101 0 0 0 0 0 0 0 17099 16863 208 ms:804
07:20:10  24990 24063 24079 24062 0 0 0 0 0 0 0 17178 16705 5 ms:945
07:20:11  24988 24040 24041 24029 0 0 0 0 0 0 0 17020 16784 65366 ms:805
07:20:12  24992 24046 24046 24033 0 0 0 0 0 0 0 17020 16784 65385 ms:805
07:20:13  24992 24063 24070 24059 0 0 0 0 0 0 0 17178 16784 74 ms:945
07:20:14  24991 24035 24056 24035 0 0 0 0 0 0 0 17099 16863 7 ms:805
07:20:15  24986 24031 24042 24031 0 0 0 0 0 0 0 17099 16863 0 ms:806
07:20:16  24984 24045 24045 24030 0 0 0 0 0 0 0 17020 16784 65372 ms:807
07:20:17  24982 24030 24047 24030 0 0 0 0 0 0 0 17020 16784 65357 ms:807
07:20:18  24979 24065 24067 24054 0 0 0 0 0 0 0 17020 16784 65433 ms:808
07:20:19  24981 24081 24081 24061 0 0 0 0 0 0 0 17099 16863 94 ms:809
07:20:20 

RMS2 Version 1.0  20230831

time code not received06:28:15  24990 24073 24073 24051 0 0 0 0 0 0 0 17099 16863 77 ms:803
00:00:00  24988 24068 24079 24067 0 0 0 0 0 0 0 17178 16784 92 ms:943
00:00:01  24993 24070 24078 24066 0 0 0 0 0 0 0 17099 16863 97 ms:803
00:00:02  24993 24088 24088 24073 0 0 0 0 0 0 0 17099 16863 132 ms:803
00:00:03  24998 24075 24076 24062 0 0 0 0 0 0 0 17099 16863 101 ms:802
00:00:04  24999 24071 24072 24064 0 0 0 0 0 0 0 17099 16863 96 ms:802
00:00:05  25000 24063 24064 24057 0 0 0 0 0 0 0 17099 16863 74 ms:801
00:00:06  24999 24052 24069 24052 0 0 0 0 0 0 0 17099 16863 62 ms:801
00:00:07  24996 24045 24059 24045 0 0 0 0 1 0 0 17099 16863 36 ms:801
00:00:08  24991 24042 24043 24032 0 0 0 0 0 0 0 17020 16863 65455 ms:801
00:00:09  24992 24064 24068 24039 0 0 0 0 0 0 0 17099 16863 53 ms:801
00:00:10  24990 24073 24076 24068 0 0 0 0 0 0 0 17099 16863 97 ms:800
00:00:11  24985 24056 24067 24055 0 0 0 0 0 0 0 17020 16863 0 ms:800
00:00:12  24988 24064 24069 24059 0 0 0 0 0 0 0 17099 16863 70 ms:799
00:00:13  24988 24083 24083 24067 0 0 0 0 0 0 0 17099 16863 111 ms:800
00:00:14  24987 24071 24082 24066 0 0 0 0 0 0 0 17099 16863 96 ms:800
00:00:15  24987 24072 24084 24065 0 0 0 0 0 0 0 17099 16863 98 ms:800
00:00:16  24988 24071 24080 24064 0 0 0 0 0 0 0 17099 16863 93 ms:800
00:00:17  24993 24088 24101 24085 0 0 0 0 0 0 0 17099 16863 157 ms:800
00:00:18  24993 24091 2410´┐¢

RMS2 Version 1.0  20230831
231013 07:21:10 
07:21:10  24984 24072 24079 24068 0 0 0 0 0 0 0 17099 16863 93 ms:813
07:21:11  24984 24086 24087 24067 0 0 0 0 0 0 0 17257 16863 272 ms:813
07:21:12  24983 24092 24092 24082 0 0 1 0 0 0 0 17020 16863 61 ms:813
07:21:13  24987 24101 24101 24085 0 0 0 0 0 0 0 17099 16863 164 ms:813
07:21:14  24985 24087 24096 24070 0 0 0 0 0 1 1 17099 16863 130 ms:813
07:21:15  24990 24093 24093 24077 0 0 0 0 0 1 0 17099 16863 144 ms:813
07:21:16  24992 24103 24106 24100 0 0 0 0 0 0 0 17099 16863 191 ms:813
07:21:17  24990 24088 24102 24088 0 0 0 0 0 0 0 17099 16863 158 ms:813
07:21:18  24992 24075 24084 24069 0 0 0 0 0 0 0 17099 16863 110 ms:813
07:21:19  24987 24067 24072 24055 0 0 0 0 0 0 0 17099 16863 71 ms:813
07:21:20  24988 24062 24070 24054 0 0 1 0 0 0 0 17020 16784 65443 ms:813
07:21:21  24990 24080 24087 24072 0 0 0 0 0 0 0 17178 16784 119 ms:954
07:21:22  24986 24066 24073 24058 0 0 0 0 0 0 0 17020 16863 0 ms:814
07:21:23  24988 24076 24076 24055 0 0 0 0 0 0 0 17020 16863 6 ms:814
07:21:24  24988 24081 24083 24070 0 1 0 0 0 0 0 17099 16863 113 ms:815
07:21:25  24987 24086 24089 24081 0 0 0 0 0 0 0 17178 16863 212 ms:796
07:21:26  24988 24075 24090 24074 0 0 0 0 1 1 0 17020 16784 65497 ms:797
07:21:27  24986 24091 24091 24075 0 0 0 0 1 0 0 17099 16863 134 ms:796
07:21:28  24987 24065 24075 24063 0 0 0 0 1 1 0 17099 16784 3 ms:796
07:21:29  24985 24075 24084 24075 0 0 0 0 0 0 0 17099 16863 109 ms:795
07:21:30  24986 24077 24077 24055 0 0 0 0 0 0 0 17099 16863 85 ms:796
07:21:31  24989 24087 24089 24080 0 0 0 0 0 0 0 17099 16863 135 ms:796
07:21:32  24984 24069 24083 24065 0 0 0 0 0 0 0 17099 16863 91 ms:796
07:21:33  24987 24071 24071 24059 0 0 0 0 0 0 0 17099 16863 78 ms:796
07:21:34  24982 24088 24088 24073 2 0 0 0 0 0 0 17099 16863 123 ms:796
07:21:35  24982 24083 24083 24062 0 0 0 0 0 0 0 17020 16784 65478 ms:796
07:21:36  24986 24090 24091 24073 0 0 0 0 0 0 0 17099 16863 130 ms:795
07:21:37  24983 24085 24092 24084 0 0 0 0 0 0 0 17178 16863 213 ms:795
07:21:38  25017 24089 24092 24082 0 0 0 0 0 0 0 17178 16863 249 ms:794
07:21:39  24990 24093 24107 24093 0 0 0 0 0 0 0 17099 16863 173 ms:814
07:21:40  24993 24084 24085 24071 0 0 0 0 0 0 0 17099 16863 123 ms:814
07:21:41  24990 24075 24096 24075 0 0 0 0 0 0 0 17099 16863 126 ms:814
07:21:42  24993 24091 24095 24075 0 0 0 0 0 0 0 17020 16863 65 ms:815
07:21:43  24996 24086 24086 24076 0 0 0 0 0 0 0 17178 16863 213 ms:795
07:21:44  24994 24080 24087 24078 0 0 0 0 0 0 0 17257 16863 287 ms:795
07:21:45  24996 24084 24089 24081 0 0 0 0 0 0 0 17257 16863 298 ms:794
07:21:46  24994 24065 24081 24065 0 0 0 0 0 0 0 17099 16863 95 ms:814
07:21:47  24996 24074 24074 24058 0 0 0 0 0 0 0 17020 16863 13 ms:814
07:21:48  24999 24069 24083 24069 0 0 0 0 0 0 0 17099 16863 110 ms:814
07:21:49  25002 24077 24092 24077 0 0 0 0 1 0 0 17099 16863 139 ms:813
07:21:50  25002 24054 24072 24054 0 0 0 0 0 0 0 17178 16784 72 ms:952
07:21:51  25001 24061 24068 24056 0 0 0 0 0 0 0 17099 16863 76 ms:812
07:21:52  25001 24050 24061 24044 0 0 0 0 0 1 0 17099 16863 47 ms:811
07:21:53  25001 24049 24050 24039 0 0 0 0 0 0 0 17020 16863 65486 ms:810
07:21:54  25000 24007 24044 23997 0 0 0 0 0 0 0 17099 16626 65237 ms:810
07:21:55  24997 24065 24067 24055 0 0 0 0 0 0 0 17099 16863 74 ms:809
07:21:56  25001 24066 24072 24066 0 0 0 0 0 0 0 17099 16863 95 ms:808
07:21:57  24999 24040 24085 24040 0 0 0 0 0 0 0 17099 16705 65432 ms:808
07:21:58  25000 24070 24083 24023 0 0 0 0 0 0 0 17178 16548 65366 ms:948
07:21:59  24999 24069 24081 24065 0 0 0 0 0 0 0 17099 16863 104 ms:807
07:22:00  24994 24065 24071 24056 0 1 1 0 0 0 0 17099 16863 78 ms:807
07:22:01  24994 24052 24072 24052 0 1 0 0 1 0 0 17020 16863 0 ms:807
07:22:02  24999 24088 24088 24026 0 0 0 0 0 0 0 17099 16626 65390 ms:807
07:22:03  24994 24021 24095 24021 0 0 0 0 0 0 0 17178 16548 65321 ms:946
07:22:04  24997 23995 24057 23995 0 0 0 1 0 0 0 17020 16626 65155 ms:806
07:22:05  24995 24059 24071 24016 0 0 1 0 0 0 0 17020 16626 65252 ms:806
07:22:06  24991 24059 24070 24004 0 0 0 0 0 0 0 17020 16626 65234 ms:806
07:22:07  24986 24045 24059 24008 0 0 0 0 0 0 0 17020 16626 65208 ms:805
07:22:08  24981 24050 24053 24037 0 -1 1 0 0 0 0 17020 16784 65389 ms:806
07:22:09  24983 24079 24079 24053 0 0 0 0 0 0 0 17099 16784 5 ms:806
07:22:10  24984 24017 24087 24017 0 0 0 0 0 0 0 17020 16626 65215 ms:807
07:22:11  24983 24074 24084 24025 0 0 0 0 0 0 0 17020 16626 65276 ms:808
07:22:12  24980 24071 24076 24024 0 0 0 0 0 0 0 17020 16626 65261 ms:809
07:22:13  24984 24074 24076 24027 0 0 0 0 0 0 0 17020 16626 65271 ms:810
07:22:14  24982 24069 24079 24059 0 0 0 0 0 0 0 17099 16863 79 ms:810
07:22:15  24985 24007 24074 24007 0 0 0 0 0 0 0 17020 16626 65183 ms:811
07:22:16  24987 24046 24063 24001 0 0 0 0 0 0 0 17020 16626 65207 ms:811
07:22:17  24987 24065 24077 24025 0 0 0 0 0 0 0 17020 16626 65264 ms:811
07:22:18  24986 24057 24078 24019 0 0 0 0 0 0 0 17020 16626 65250 ms:811
07:22:19  24989 24057 24057 24023 0 0 0 0 0 0 0 17020 16705 65315 ms:811
07:22:20  24988 24059 24077 24051 0 0 0 0 0 0 0 17099 16784 0 ms:810


RMS2 Version 1.0  20230831
231013 07:22:20 
07:22:20  24982 24061 24064 24048 0 0 0 0 0 0 0 17020 16784 65423 ms:802
07:22:21  24985 24048 24060 24038 0 0 0 0 0 0 0 17020 16784 65399 ms:801
07:22:22  24985 24022 24068 24022 0 0 0 0 1 0 0 17020 16626 65208 ms:801
07:22:23  24985 24049 24057 24005 0 0 0 0 0 0 0 17020 16548 65128 ms:801
07:22:24  24988 24052 24059 23997 0 0 0 0 0 0 0 17020 16548 65128 ms:801
07:22:25  24989 24056 24064 24032 0 0 0 0 0 0 0 17020 16626 65251 ms:801
07:22:26  24989 24044 24061 24044 0 0 0 0 0 0 0 17020 16784 65406 ms:802
07:22:27  24990 24012 24057 24012 0 0 0 0 0 0 0 17099 16548 65182 ms:802
07:22:28  24986 24042 24058 24012 0 0 0 0 0 0 0 17099 16626 65287 ms:801
07:22:29  24991 24000 24015 23958 0 0 0 0 0 0 0 16942 16626 64996 ms:801
07:22:30  24993 23991 24025 23970 0 0 0 0 0 0 0 17099 16469 65011 ms:941
07:22:31  24996 23893 24013 23893 1 0 0 0 0 0 0 16942 16626 64828 ms:801
07:22:32  24997 23992 24025 23945 0 0 0 0 0 0 0 17020 16548 64991 ms:942
07:22:33  25001 23996 24040 23996 0 0 0 0 0 1 0 17020 16626 65144 ms:802
07:22:34  25002 23987 24025 23970 0 0 0 0 0 0 0 16942 16626 65016 ms:802
07:22:35  24999 23999 24008 23973 0 0 0 0 0 0 0 16942 16548 64933 ms:801
07:22:36  25003 24012 24016 23970 0 0 0 0 0 0 0 17020 16626 65111 ms:801
07:22:37  25005 24022 24032 24008 0 0 0 0 0 0 0 17020 16705 65256 ms:800
07:22:38  25007 24016 24033 24016 0 0 0 0 0 0 0 17020 16705 65261 ms:800
07:22:39  25011 23989 24014 23986 0 0 0 0 0 0 0 16942 16548 64954 ms:800
07:22:40  25011 24026 24038 24009 0 0 0 0 0 0 0 17020 16626 65194 ms:800
07:22:41  25008 23996 24020 23970 0 0 0 0 1 1 0 17020 16626 65106 ms:800
07:22:42  25011 24002 24011 23975 0 0 0 0 0 0 0 16942 16626 65031 ms:798
07:22:43  25008 24016 24027 24016 0 0 0 0 0 0 0 16942 16705 65178 ms:797
07:22:44  25011 24033 24033 24011 0 0 0 0 0 0 0 17020 16626 65198 ms:795
07:22:45  25006 23994 24020 23994 0 0 0 0 0 0 0 17099 16548 65125 ms:794
07:22:46  25005 24012 24022 23983 0 0 0 0 0 0 0 16863 16626 64975 ms:813
07:22:47  25008 24038 24043 24003 0 0 0 0 0 1 0 17020 16548 65125 ms:812
07:22:48  25007 24028 24046 24009 0 1 0 0 0 0 0 17020 16626 65201 ms:811
07:22:49  25006 24018 24033 24017 0 0 0 0 0 0 0 16942 16705 65185 ms:810
07:22:50  25006 24004 24040 24004 0 0 0 0 0 0 0 16942 16626 65086 ms:809
07:22:51  25006 24029 24030 24005 0 0 0 0 0 0 0 16942 16548 65024 ms:808
07:22:52  25006 24036 24036 24008 0 0 0 0 0 0 0 17020 16548 65118 ms:807
07:22:53  25004 24034 24050 24012 0 0 0 0 0 0 0 17020 16626 65210 ms:806
07:22:54  25003 24032 24033 24013 0 0 0 0 0 0 0 16942 16705 65192 ms:806
07:22:55  25001 24031 24043 24029 0 0 0 0 0 0 0 16942 16626 65136 ms:806
07:22:56  24996 23997 24046 23997 0 0 0 0 0 0 0 17020 16626 65146 ms:805
07:22:57  24992 24028 24036 24004 0 0 0 0 0 0 0 17020 16626 65170 ms:804
07:22:58  24985 24030 24030 23998 0 -1 0 0 0 0 0 16942 16626 65074 ms:805
07:22:59  24983 24022 24038 24000 0 0 0 0 0 0 0 16942 16548 64997 ms:806
07:23:00  24984 24041 24046 24020 0 0 0 0 0 0 0 16942 16626 65123 ms:806
07:23:01  24988 24045 24061 24045 0 0 0 0 0 0 0 16942 16626 65171 ms:806
07:23:02  24986 24013 24047 24011 0 0 0 0 0 0 0 16863 16548 64932 ms:806
07:23:03  24994 24063 24063 24022 0 0 0 0 0 0 0 16863 16548 65017 ms:806
07:23:04  24994 24046 24054 24032 0 0 0 0 0 0 0 16942 16548 65080 ms:804
07:23:05  24993 24027 24041 24018 0 0 0 0 0 0 0 16942 16626 65111 ms:804
07:23:06  24994 24023 24046 24023 0 0 0 0 0 0 0 17020 16626 65196 ms:803
07:23:07  24994 24033 24049 24033 0 0 0 0 0 0 0 17020 16548 65141 ms:803
07:23:08  24990 24031 24070 24007 -1 0 0 0 0 0 0 17020 16548 65129 ms:803
07:23:09  24992 24046 24064 24025 0 0 0 0 0 0 0 17020 16548 65159 ms:803
07:23:10  24991 24062 24062 24031 0 0 0 0 0 0 0 16942 16548 65100 ms:803
07:23:11  24986 24051 24060 24032 0 0 0 0 0 0 0 16942 16548 65083 ms:803
07:23:12  24988 24041 24063 24041 0 0 0 0 0 0 0 16942 16705 65244 ms:804
07:23:13  24989 24030 24055 24030 0 0 0 0 0 0 0 16942 16548 65058 ms:803
07:23:14  24987 24044 24060 24018 0 0 0 0 0 0 0 16942 16548 65063 ms:803
07:23:15  24989 24065 24065 24021 0 0 0 0 0 0 0 16942 16548 65094 ms:802
07:23:16  24990 24076 24076 24034 0 0 0 0 0 0 0 16942 16548 65130 ms:802
07:23:17  24989 24057 24066 24047 0 0 0 0 0 0 0 17020 16705 65348 ms:802
07:23:18  24993 24052 24062 24047 0 0 0 0 0 0 0 17020 16705 65343 ms:802
07:23:19  24997 24034 24062 24034 0 0 0 0 0 0 0 17020 16548 65159 ms:801
07:23:20  24994 24056 24074 24029 0 0 0 0 0 0 0 17099 16626 65342 ms:801
07:23:21  24994 24054 24054 24007 0 0 0 0 0 0 0 17020 16548 65141 ms:801
07:23:22  24999 24049 24058 24021 0 0 0 0 0 0 0 17020 16626 65237 ms:800
07:23:23  25000 24051 24061 24046 0 0 0 0 0 0 0 17020 16705 65347 ms:800
07:23:24  25004 24070 24070 24044 0 0 0 0 0 0 0 17020 16705 65377 ms:798
07:23:25  25010 24023 24056 24023 0 0 0 0 0 0 0 16942 16626 65144 ms:798
07:23:26  25006 24044 24049 24013 0 0 0 0 0 0 0 16863 16548 64987 ms:798
07:23:27  25008 24034 24036 24000 0 0 0 0 0 0 0 16942 16548 65032 ms:798
07:23:28  25010 24032 24048 24014 1 0 0 0 0 0 0 16942 16548 65059 ms:798
07:23:29  25006 24032 24046 24027 0 0 0 0 0 0 0 16942 16705 65222 ms:797
07:23:30  25009 24022 24045 24022 0 0 0 0 0 0 0 16942 16548 65052 ms:797
07:23:31  25008 24048 24062 24026 0 0 0 1 0 0 0 17020 16626 65255 ms:796
07:23:32  25008 24066 24089 24037 1 0 0 0 0 0 0 17020 16626 65311 ms:796


RMS2 Version 1.0  20230831
231013 07:23:36 
07:23:36  25009 24038 24057 24038 0 0 0 0 0 0 0 17020 16705 65331 ms:798
07:23:37  25009 24025 24042 24018 0 0 0 0 0 0 0 16942 16705 65205 ms:796
07:23:38  25009 24030 24054 24024 0 0 0 0 0 0 0 16942 16548 65071 ms:795
07:23:39  25010 24014 24052 23990 0 0 0 0 0 0 0 17178 16548 65256 ms:794
07:23:40  25015 24052 24052 24020 0 0 0 0 0 0 0 16942 16548 65093 ms:813
07:23:41  25016 24054 24063 24040 0 0 0 0 1 0 0 17020 16626 65284 ms:812
07:23:42  25014 24038 24056 24038 0 0 0 0 0 0 0 16942 16705 65257 ms:811
07:23:43  25018 24037 24045 24030 0 0 0 0 0 0 0 17020 16626 65240 ms:810
07:23:44  25017 24042 24059 24020 0 0 0 0 0 0 0 17099 16626 65327 ms:808
07:23:45  25018 24047 24067 24028 0 0 0 0 0 0 0 17099 16626 65349 ms:807
07:23:46  25019 24046 24064 24021 0 0 0 0 0 0 0 16942 16626 65182 ms:805
07:23:47  25014 24040 24046 24012 0 0 0 0 0 0 0 16942 16626 65144 ms:804
07:23:48  25016 24029 24042 24029 0 0 0 0 0 0 0 16942 16626 65148 ms:802
07:23:49  25014 24022 24053 24020 0 0 0 0 0 1 0 16942 16626 65142 ms:801
07:23:50  25014 24062 24062 24031 0 0 0 0 0 0 0 16863 16626 65122 ms:801
07:23:51  25015 24065 24065 24039 0 0 0 0 0 0 0 16942 16548 65138 ms:800
07:23:52  25015 24074 24074 24048 0 0 0 0 1 0 0 17099 16626 65401 ms:799
07:23:53  25016 24050 24070 24050 0 0 0 0 0 0 0 17020 16705 65375 ms:797
07:23:54  25014 24051 24075 24051 0 0 0 1 0 0 0 17020 16705 65381 ms:796
07:23:55  25014 24035 24079 24035 0 0 0 0 0 0 0 17099 16626 65352 ms:794
07:23:56  25011 24057 24066 24030 0 0 0 0 0 0 0 17020 16626 65274 ms:813
07:23:57  25005 24059 24067 24026 0 0 0 0 0 0 0 17020 16626 65267 ms:812
07:23:58  25004 24067 24067 24026 0 0 0 0 0 0 0 17020 16626 65274 ms:811
07:23:59  25003 24066 24076 24062 0 1 0 0 0 0 0 17020 16705 65397 ms:810
07:24:00  24999 24076 24076 24052 0 0 0 0 0 0 0 17020 16705 65392 ms:809
07:24:01  24996 24024 24061 24024 0 0 0 0 0 0 0 16942 16626 65137 ms:809
07:24:02  24989 24043 24048 24019 0 0 0 0 0 0 0 16942 16548 65053 ms:809
07:24:03  24991 24060 24060 24003 0 0 0 0 0 0 0 16942 16548 65068 ms:809
07:24:04  24991 24070 24077 24024 0 0 0 0 0 0 0 16942 16548 65116 ms:809
07:24:05  24992 24040 24074 24040 0 0 0 0 0 0 0 16942 16626 65178 ms:808
07:24:06  24991 24011 24051 24011 0 1 0 0 0 0 0 16942 16548 65019 ms:807
07:24:07  24999 24040 24048 24025 0 0 0 0 0 0 0 16942 16548 65066 ms:826
07:24:08  25001 24069 24069 24026 0 0 0 0 0 0 0 17020 16548 65197 ms:806
07:24:09  25001 24036 24070 24024 0 0 0 0 0 0 0 17020 16626 65241 ms:805
07:24:10  25011 24046 24056 24016 0 0 0 0 0 0 0 17020 16626 65239 ms:804
07:24:11  25014 24041 24051 24040 1 0 0 0 0 0 0 17020 16705 65336 ms:803
07:24:12  25021 24007 24060 24007 0 0 1 0 0 0 0 17020 16548 65128 ms:802
07:24:13  25021 24023 24037 23994 0 0 0 0 0 0 0 16942 16626 65107 ms:800
07:24:14  25022 24015 24031 24002 0 0 0 0 0 0 0 17020 16548 65102 ms:938
07:24:15  25018 24022 24027 23979 0 0 0 1 0 0 0 16942 16548 65001 ms:796
07:24:16  25015 24017 24018 24004 0 0 0 0 0 0 0 16942 16705 65165 ms:795
07:24:17  25010 24000 24034 24000 0 0 0 0 0 0 0 17178 16626 65312 ms:795
07:24:18  25008 24006 24020 24003 0 0 0 0 0 0 0 17099 16548 65148 ms:795
07:24:19  25011 24052 24053 24023 0 0 0 0 0 0 0 17178 16626 65407 ms:795


RMS2 Version 1.0  20230831
231013 07:24:22 
07:24:22  25023 24048 24055 24048 -1 0 0 0 1 0 0 16942 16705 65285 ms:801
07:24:23  25026 24023 24044 24023 0 0 0 0 0 0 0 16942 16626 65148 ms:799
07:24:24  25026 24004 24043 24004 0 0 0 0 0 0 0 16942 16548 65031 ms:797
07:24:25  25026 24035 24050 24008 0 0 0 0 0 0 0 17020 16626 65229 ms:796
07:24:26  25021 24020 24051 23990 0 0 0 0 0 0 0 17020 16548 65114 ms:795
07:24:27  25020 24032 24035 23984 0 0 0 0 0 0 0 17099 16626 65260 ms:794
07:24:28  25018 24026 24037 24026 0 0 0 0 0 0 0 16942 16626 65139 ms:813
07:24:29  25017 24011 24041 24002 0 0 0 0 0 0 0 17020 16469 65024 ms:952
07:24:30  25017 24028 24052 24018 0 0 0 0 0 0 0 17020 16626 65225 ms:811
07:24:31  25015 24048 24050 24014 0 0 0 0 0 0 0 16942 16626 65159 ms:810
07:24:32  25019 24052 24055 24010 0 0 0 0 0 0 0 16942 16548 65090 ms:807
07:24:33  25019 24047 24057 24027 0 0 0 0 0 0 0 16942 16548 65104 ms:806
07:24:34  25019 24025 24041 24025 0 0 0 0 0 1 0 16942 16705 65222 ms:804
07:24:35  25018 24012 24038 24012 0 0 0 0 0 0 0 16942 16548 65034 ms:803
07:24:36  25019 24024 24025 24002 0 0 0 0 0 0 0 16863 16548 64945 ms:802
07:24:37  25085 24046 24046 24008 0 0 0 0 0 0 0 16942 16626 65217 ms:801
07:24:38  25015 24031 24051 24008 0 0 0 0 0 0 0 17020 16626 65215 ms:800
07:24:39  25015 24036 24042 24003 0 0 0 0 0 1 0 17020 16626 65207 ms:799
07:24:40  25011 24021 24040 24021 0 0 0 0 0 0 0 16942 16626 65125 ms:798
07:24:41  25011 24017 24062 24017 0 0 0 0 0 0 0 17020 16626 65217 ms:796
07:24:42  25011 24049 24056 24025 0 0 0 0 0 0 0 16942 16548 65095 ms:795
07:24:43  25013 24069 24070 24030 0 0 0 0 0 0 0 17178 16626 65450 ms:794
07:24:44  25016 24057 24065 24038 0 0 0 0 0 0 0 17020 16548 65208 ms:953
07:24:45  25017 24042 24058 24034 0 0 0 0 0 0 0 16942 16705 65262 ms:812
07:24:46  25017 24036 24050 24036 0 0 0 0 0 0 0 16942 16705 65250 ms:811
07:24:47  25018 23960 24047 23960 0 1 0 0 0 0 0 17020 16548 65018 ms:810
07:24:48  25019 24049 24049 23986 1 0 0 0 0 0 0 16942 16548 65058 ms:809
07:24:49  25017 24042 24042 24020 0 0 0 0 0 0 0 16942 16548 65075 ms:807
07:24:50  25017 23984 24032 23984 0 0 0 0 0 0 0 16942 16626 65049 ms:805
07:24:51  25015 24004 24013 23996 0 0 0 0 0 0 0 16942 16705 65139 ms:804
07:24:52  25016 24000 24010 23992 0 0 0 0 0 0 0 17099 16548 65129 ms:803
07:24:53  25019 24004 24032 23983 0 0 0 0 0 0 0 17020 16548 65070 ms:802
07:24:54  25020 24017 24034 23993 0 0 0 0 0 0 0 17020 16626 65174 ms:801
07:24:55  25020 23998 23998 23974 0 0 0 0 0 0 0 16942 16548 64944 ms:800
07:24:56  25016 23985 23988 23957 0 0 0 0 0 0 0 16863 16548 64821 ms:799
07:24:57  25018 23994 24001 23988 0 0 0 0 0 0 0 16942 16705 65112 ms:797
07:24:58  25017 23984 24020 23984 0 0 0 0 0 0 0 16942 16626 65037 ms:796
07:24:59  25012 24017 24024 23998 0 0 0 0 0 0 0 17020 16863 65398 ms:794
07:25:00  25011 24016 24019 24010 0 0 0 0 0 0 0 17020 16863 65403 ms:813
07:25:01  25012 24036 24040 24033 0 0 0 0 0 0 0 17099 16863 11 ms:812
07:25:02  25009 24020 24040 24020 0 0 0 0 0 0 0 17099 16863 0 ms:811
07:25:03  25013 24041 24043 24030 0 0 0 1 0 0 0 17020 16863 65475 ms:810
07:25:04  25016 24053 24058 24041 0 0 0 0 0 0 0 17020 16863 0 ms:808
07:25:05  25015 24039 24049 24036 0 0 0 0 0 0 0 17178 16784 29 ms:947
07:25:06  25016 24033 24033 24021 0 0 0 0 0 0 0 17020 16863 65450 ms:806
07:25:07  25013 24023 24028 24011 0 0 0 0 0 0 0 17020 16863 65422 ms:805
07:25:08  25017 24029 24029 24012 0 0 0 0 0 0 0 17020 16863 65434 ms:803
07:25:09  25016 24026 24036 24026 0 0 0 0 0 0 0 17099 16863 0 ms:802


RMS2 Version 1.0  20230831
231013 07:25:11 
07:25:11  25017 24013 24019 24013 0 0 0 0 0 0 0 17257 16784 31 ms:794
07:25:12  25020 24018 24030 24014 0 0 0 0 0 0 0 17020 16863 65429 ms:813
07:25:13  25013 24016 24030 24014 0 0 0 0 0 0 0 17020 16863 65420 ms:812
07:25:14  25017 24005 24010 23987 0 0 0 0 0 0 0 17020 16863 65366 ms:811
07:25:15  25017 24024 24024 23996 0 0 0 0 1 0 0 17020 16784 65330 ms:810
07:25:16  25021 24023 24027 24017 0 0 0 0 0 0 0 17099 16784 65435 ms:808
07:25:17  25020 24008 24031 24008 0 0 0 0 0 0 0 17020 16863 65414 ms:807
07:25:18  25020 24013 24016 24002 0 0 0 0 0 0 0 17020 16784 65319 ms:805
07:25:19  25022 24013 24018 24006 0 0 0 0 0 0 0 17020 16863 65406 ms:804
07:25:20  25019 24018 24031 24009 0 0 0 0 0 0 0 17020 16863 65424 ms:802
07:25:21  25021 24006 24015 24005 0 0 0 0 0 0 0 17020 16863 65394 ms:800
07:25:22  25022 24017 24024 24013 0 0 0 0 0 0 0 17099 16863 0 ms:799
07:25:23  25024 24017 24018 24013 0 0 0 0 1 0 0 17020 16863 65420 ms:798
07:25:24  25025 24035 24035 24020 0 0 0 0 0 0 0 17099 16863 5 ms:797
07:25:25  25020 23999 24020 23999 0 0 0 0 0 0 0 17020 16863 65385 ms:796
07:25:26  25021 24019 24023 24008 0 0 0 0 0 0 0 17099 16863 65497 ms:794
07:25:27  25019 24019 24023 24011 0 0 -1 0 0 0 0 17020 16863 65418 ms:812
07:25:28  25015 24005 24014 24005 0 0 0 0 0 0 0 17020 16863 65386 ms:811
07:25:29  25015 24004 24013 24004 0 0 0 0 0 0 0 17099 16784 65383 ms:949
07:25:30  25019 24035 24035 24026 0 0 0 0 0 0 0 17099 16784 65462 ms:948
07:25:31  25020 24048 24060 24047 0 0 0 0 0 0 0 17020 16863 0 ms:807
07:25:32  25020 24028 24031 24025 0 0 0 0 0 0 0 17099 16863 0 ms:806


RMS2 Version 1.0  20230831
231013 07:25:34 
07:25:34  25020 24000 24007 23993 0 0 0 0 0 0 0 17020 16863 65367 ms:804
07:25:35  25024 24008 24009 23985 1 1 0 0 0 0 0 17020 16863 65375 ms:802
07:25:36  25019 24009 24022 24008 0 0 0 0 0 0 0 17099 16784 65405 ms:801
07:25:37  25022 24004 24013 23990 0 0 0 0 0 0 0 17020 16784 65297 ms:800
07:25:38  25020 23973 24013 23965 0 0 0 0 0 0 0 17020 16784 65239 ms:799
07:25:39  25019 24003 24009 23988 0 0 0 0 0 0 0 17020 16784 65287 ms:798
07:25:40  25017 24007 24013 23993 0 0 0 0 0 0 0 17099 16705 65298 ms:937
07:25:41  25015 24010 24011 24005 0 0 0 0 0 0 0 17099 16863 65467 ms:796
07:25:42  25015 24017 24021 24009 0 0 0 0 0 0 0 17020 16863 65409 ms:795
07:25:43  25010 24007 24013 24006 0 0 0 0 0 0 0 17257 16863 84 ms:794
07:25:44  25010 24006 24014 23998 1 0 0 0 0 0 0 17020 16863 65376 ms:813
07:25:45  25009 23996 24009 23992 0 0 0 0 0 1 0 17020 16784 65275 ms:812
07:25:46  25011 24015 24023 24014 0 0 0 0 0 0 0 17020 16863 65410 ms:811
07:25:47  25010 24024 24039 24020 0 0 0 0 1 0 0 17020 16863 65441 ms:810
07:25:48  25010 24005 24015 24005 0 0 0 0 0 0 0 17020 16784 65303 ms:809
07:25:49  25013 24008 24019 24004 0 0 0 0 0 0 0 17099 16784 65391 ms:809
07:25:50  25012 24004 24024 24004 0 0 0 0 0 1 0 17099 16863 65471 ms:808
07:25:51  25015 24022 24025 24013 0 0 0 0 0 0 0 17020 16784 65343 ms:807
07:25:52  25015 24028 24032 24017 0 0 0 0 0 0 0 17020 16863 65439 ms:806
07:25:53  25017 24020 24029 23991 0 0 0 0 0 0 0 17020 16784 65325 ms:804
07:25:54  25014 24027 24036 24018 0 0 1 0 0 0 0 17020 16863 65443 ms:803
07:25:55  25011 24013 24019 24011 0 0 0 0 0 0 0 17020 16863 65401 ms:802
07:25:56  25006 23972 23980 23966 0 0 0 0 0 0 0 17020 16784 65192 ms:801
07:25:57  25011 24001 24001 23983 0 0 0 0 0 1 0 17020 16784 65265 ms:800
07:25:58  25013 24041 24041 24007 0 0 0 0 0 0 0 17099 16863 0 ms:798
07:25:59  25018 24037 24044 24027 0 0 0 0 0 1 0 17020 16863 65474 ms:798
07:26:00  25023 24042 24043 24032 0 0 0 0 0 0 0 17020 16863 65487 ms:796
07:26:01  25022 24016 24030 24011 0 0 0 0 0 0 0 17099 16863 0 ms:794
07:26:02  25021 24012 24012 24000 0 0 1 0 0 0 0 17020 16863 65393 ms:813
07:26:03  25023 24009 24020 23999 0 0 0 0 0 0 0 17099 16863 65477 ms:812
07:26:04  25021 24035 24039 24024 0 0 0 0 0 0 0 17099 16863 9 ms:810
07:26:05  25018 24034 24037 24022 0 0 0 0 0 0 0 17099 16863 1 ms:809
07:26:06  25019 24032 24032 24023 0 0 0 0 0 0 0 17020 16863 65453 ms:808
07:26:07  25020 24046 24052 24043 0 0 0 0 0 0 0 17099 16863 51 ms:807
07:26:08  25021 24048 24048 24036 0 0 0 0 0 0 0 17099 16863 43 ms:806
07:26:09  25023 24062 24062 24046 0 0 0 0 0 0 0 17099 16863 83 ms:804
07:26:10  25019 24030 24050 24030 0 0 0 0 0 0 0 17099 16863 19 ms:802
07:26:11  25018 24043 24043 24030 0 0 0 0 0 0 0 17099 16863 24 ms:800
07:26:12  25018 24038 24045 24028 0 0 0 0 0 0 0 17178 16784 19 ms:938
07:26:13  25015 24036 24056 24017 0 0 0 0 0 0 0 17099 16784 65471 ms:797
07:26:14  25015 24028 24038 24028 0 0 0 0 0 0 0 17020 16863 65456 ms:796
07:26:15  25013 24020 24047 24020 0 0 0 0 0 0 0 17020 16863 65447 ms:795
07:26:16  25018 24057 24057 24037 0 0 1 0 0 1 0 17257 16863 219 ms:794
07:26:17  25016 24081 24081 24048 0 0 0 0 0 0 0 17020 16863 37 ms:813
07:26:18  25016 24062 24070 24055 0 0 0 0 0 0 0 17099 16863 93 ms:811
07:26:19  25018 24060 24070 24057 0 0 0 0 0 0 0 17099 16863 95 ms:810
07:26:20  25015 24060 24072 24050 0 0 0 0 0 1 0 17099 16863 88 ms:809
07:26:21  25010 24038 24058 24038 0 0 0 0 0 0 0 17020 16863 65491 ms:809
07:26:22  25011 24066 24066 24042 0 0 0 0 0 0 0 17020 16863 0 ms:808


RMS2 Version 1.0  20230831
231013 07:26:26 
07:26:26  25013 24082 24097 24078 0 0 0 0 0 0 0 17099 16863 160 ms:814
07:26:27  25014 24066 24075 24063 0 0 0 0 0 0 0 17099 16863 108 ms:813
07:26:28  25016 24072 24075 24070 0 0 0 0 0 0 0 17099 16863 123 ms:812
07:26:29  25019 24069 24083 24069 0 0 0 0 0 0 0 17020 16863 51 ms:811
07:26:30  25026 24094 24101 24073 0 0 0 0 0 0 0 17099 16863 184 ms:810
07:26:31  25022 24062 24094 24062 0 0 0 0 0 0 0 17099 16863 130 ms:808
07:26:32  25021 24044 24050 24042 0 0 0 0 0 0 0 17099 16863 47 ms:807
07:26:33  25020 24060 24064 24046 1 0 0 0 0 0 0 17099 16863 81 ms:805
07:26:34  25015 24055 24058 24051 0 0 0 0 0 0 0 17020 16863 0 ms:804
07:26:35  25011 24062 24062 24033 0 0 0 0 0 0 0 17020 16863 0 ms:803
07:26:36  25009 24067 24069 24030 0 0 0 0 0 0 0 17020 16863 0 ms:802


RMS2 Version 1.0  20230831
231013 07:26:37 
07:26:37  25009 24091 24104 24091 0 0 0 0 0 0 0 17099 16863 185 ms:800
07:26:38  25006 24071 24075 24065 0 0 0 0 0 0 0 17099 16863 107 ms:799
07:26:39  25006 24064 24074 24064 0 0 0 0 0 0 0 17099 16863 98 ms:799
07:26:40  25008 24079 24079 24063 0 0 0 0 0 0 0 17099 16863 119 ms:799
07:26:41  25009 24078 24090 24078 0 0 0 0 0 0 0 17020 16863 66 ms:799
07:26:42  25010 24083 24088 24081 0 0 0 0 0 0 0 17099 16863 152 ms:799
07:26:43  25013 24071 24083 24071 0 0 0 0 0 0 0 17099 16863 128 ms:798
07:26:44  25013 24025 24070 24025 0 0 0 0 1 0 0 17099 16626 65323 ms:798
07:26:45  25014 24077 24088 24076 0 0 1 0 0 0 0 17099 16863 146 ms:796
07:26:46  25015 24085 24091 24077 0 0 0 0 0 0 0 17099 16863 158 ms:795
07:26:47  25015 24046 24086 24046 0 0 0 0 0 0 0 17257 16705 83 ms:795
07:26:48  25019 24061 24085 24016 0 0 0 0 0 0 0 17099 16626 65370 ms:793
07:26:49  25018 24093 24093 24081 0 0 0 0 0 0 0 17099 16863 175 ms:811
07:26:50  25017 24079 24084 24078 0 0 0 0 0 0 0 17020 16863 69 ms:810
07:26:51  25018 24020 24030 24020 0 0 0 0 0 0 0 16863 16626 65041 ms:809
07:26:52  25015 24073 24083 24067 0 0 0 0 0 0 0 17099 16863 128 ms:808
07:26:53  25017 24084 24084 24073 0 0 0 0 0 0 0 17099 16863 148 ms:807
07:26:54  25013 24038 24068 24021 1 0 0 0 0 0 0 17020 16626 65251 ms:805
07:26:55  25011 24072 24078 24066 0 0 0 0 0 0 0 17178 16784 117 ms:944
07:26:56  25010 24072 24072 24063 0 0 0 0 0 0 0 17099 16863 107 ms:804
07:26:57  25005 24054 24075 24054 0 0 0 0 0 0 0 17099 16863 78 ms:803
07:26:58  25005 24072 24072 24003 0 0 0 0 0 0 0 17020 16548 65184 ms:803
07:26:59  25006 24100 24105 24087 0 0 0 0 0 0 0 17099 16863 188 ms:803
07:27:00  25010 24113 24113 24099 0 0 0 0 0 0 0 17099 16863 225 ms:803
07:27:01  25008 24102 24116 24102 0 0 0 0 0 0 0 17099 16863 218 ms:802
07:27:02  25011 24089 24099 24089 0 0 0 0 0 0 0 17099 16863 178 ms:802
07:27:03  25014 24101 24113 24100 0 0 0 0 0 0 0 17178 16784 218 ms:942
07:27:04  25008 24090 24106 24090 0 0 0 0 0 0 1 17099 16863 185 ms:801
07:27:05  25006 24097 24097 24082 0 0 0 0 0 0 0 17178 16784 172 ms:940
07:27:06  25007 24091 24102 24089 0 0 0 0 0 0 0 17099 16863 179 ms:799
07:27:07  25005 24110 24110 24091 0 0 0 0 0 0 0 17099 16863 206 ms:798
07:27:08  25002 24104 24110 24102 0 0 0 0 0 0 0 17099 16863 208 ms:797
07:27:09  25004 24102 24111 24102 0 0 0 0 0 0 0 17099 16863 209 ms:797
07:27:10  25009 24115 24128 24115 0 0 0 0 0 0 0 17099 16863 257 ms:796
07:27:11  25004 24115 24134 24115 0 0 0 0 0 0 0 17099 16863 258 ms:796
07:27:12  25007 24106 24106 24100 1 0 0 0 0 0 0 17099 16863 210 ms:796
07:27:13  25008 24109 24109 24096 0 0 0 0 0 0 0 17099 16863 212 ms:796
07:27:14  25014 24107 24110 24102 0 0 0 0 0 0 0 17099 16863 223 ms:796
07:27:15  25014 24102 24114 24102 0 1 0 0 0 0 0 17099 16863 223 ms:795
07:27:16  25014 24079 24103 24074 0 0 0 0 0 0 0 17257 16863 318 ms:795
07:27:17  25009 24074 24077 24063 0 0 0 0 0 0 0 17257 16863 271 ms:793
07:27:18  25005 24071 24079 24068 0 1 0 0 0 0 0 17099 16863 114 ms:812
07:27:19  25003 24065 24080 24062 0 0 0 0 0 0 0 17020 16863 21 ms:811
07:27:20  24999 24064 24070 24060 0 0 0 0 0 0 0 17099 16863 83 ms:810
07:27:21  24994 24049 24063 24042 0 0 0 0 0 0 0 17099 16784 65495 ms:810
07:27:22  24994 24073 24079 24069 0 0 0 0 0 0 0 17099 16784 26 ms:810
07:27:23  24991 24077 24087 24076 0 0 0 0 0 0 0 17099 16705 65499 ms:951
07:27:24  24990 24092 24096 24082 0 0 0 0 0 0 0 17020 16863 71 ms:811
07:27:25  24994 24098 24098 24083 0 0 0 0 0 0 0 17020 16863 84 ms:810
07:27:26  25016 24106 24110 24098 0 0 0 0 0 0 0 17099 16863 220 ms:810
07:27:27  25005 24095 24103 24095 0 0 0 0 0 0 0 17099 16863 188 ms:809
07:27:28  25013 24082 24095 24082 0 0 0 0 0 0 0 17020 16863 83 ms:808
07:27:29  25021 24073 24085 24073 0 0 0 0 0 0 0 17099 16863 142 ms:807
07:27:30  25066 24081 24085 24069 0 0 0 0 0 0 0 17099 16863 191 ms:806
07:27:31  25028 24055 24066 24050 0 0 0 0 0 0 0 17099 16863 89 ms:804
07:27:32  25026 24038 24041 24038 0 0 0 0 0 0 0 17020 16863 65490 ms:803
07:27:33  25029 24040 24040 24013 0 0 0 0 0 0 0 17020 16784 65390 ms:801
07:27:34  25020 24061 24070 24061 0 0 0 0 0 0 0 17099 16863 102 ms:800
07:27:35  25018 24073 24073 24057 0 0 0 0 0 0 0 17020 16863 32 ms:798
07:27:36  25016 24093 24101 24084 0 0 0 0 0 0 0 17099 16863 184 ms:797
07:27:37  25018 24103 24115 24102 0 0 0 0 0 0 0 17099 16863 228 ms:796
07:27:38  25014 24081 24096 24073 0 0 0 0 0 0 0 17099 16863 154 ms:796
07:27:39  25019 24045 24045 24038 0 0 0 0 0 0 0 16863 16626 65100 ms:795
07:27:40  25019 24117 24117 24045 0 0 0 0 0 0 0 17178 16626 30 ms:793
07:27:41  25019 24117 24117 24110 0 0 1 0 0 0 0 17099 16863 254 ms:812
07:27:42  25020 24110 24121 24110 0 0 1 0 0 0 0 17099 16863 252 ms:811
07:27:43  25019 24123 24124 24110 0 0 0 0 0 0 0 17099 16863 266 ms:810
07:27:44  25020 24119 24128 24108 0 0 0 0 0 0 0 17099 16863 265 ms:809
07:27:45  25018 24110 24119 24104 0 -1 0 0 0 0 0 17178 16784 240 ms:948
07:27:46  25016 24122 24122 24104 0 0 0 0 0 0 0 17178 16784 254 ms:948
07:27:47  25014 24122 24126 24118 0 0 0 0 0 0 0 17099 16863 270 ms:807
07:27:48  25013 24129 24136 24119 0 0 0 0 0 0 0 17099 16863 287 ms:806
07:27:49  25014 24131 24136 24125 0 0 0 0 0 0 0 17099 16863 296 ms:805
07:27:50  25011 24122 24134 24120 0 0 0 0 0 0 0 17099 16863 277 ms:804
07:27:51  25012 24118 24125 24109 0 0 0 0 0 0 0 17099 16863 254 ms:802
07:27:52  25014 24128 24130 24123 0 0 0 0 0 0 0 17099 16863 285 ms:801
07:27:53  25018 24132 24140 24127 0 0 0 0 0 0 0 17178 16863 386 ms:940
07:27:54  25021 24125 24130 24120 0 0 0 0 0 0 0 17099 16863 286 ms:799
07:27:55  25019 24108 24123 24108 0 0 0 0 0 0 0 17178 16863 327 ms:798
07:27:56  25018 24100 24109 24100 0 0 0 0 0 0 0 17099 16863 217 ms:796
07:27:57  25021 24119 24119 24093 0 0 0 0 0 0 0 17099 16863 242 ms:795
07:27:58  25020 24120 24131 24118 0 0 0 0 0 0 0 17336 16942 595 ms:793
07:27:59  25017 24110 24121 24110 0 0 0 0 0 0 1 17099 16863 249 ms:811
07:28:00  25018 24102 24103 24089 0 0 1 0 0 0 0 17099 16863 203 ms:810
07:28:01  25018 24117 24122 24104 0 0 0 0 0 0 0 17099 16863 251 ms:808
07:28:02  25015 24125 24127 24114 0 0 0 0 0 0 0 17178 16784 271 ms:947
07:28:03  25015 24120 24124 24115 0 0 0 0 0 0 0 17099 16863 264 ms:806
07:28:04  25016 24119 24124 24108 0 0 0 0 1 0 0 17099 16863 258 ms:805
07:28:05  25011 24125 24126 24115 0 0 0 0 0 0 0 17178 16942 425 ms:804
07:28:06  25014 24097 24107 24096 0 0 0 0 0 0 0 17099 16863 204 ms:803
07:28:07  25017 24126 24126 24109 0 0 0 0 0 0 0 17099 16942 347 ms:802
07:28:08  25014 24099 24118 24099 1 0 0 0 0 0 0 17099 16863 221 ms:801
07:28:09  25012 24089 24099 24089 0 0 0 0 0 0 0 17099 16863 179 ms:799
07:28:10  25010 24085 24096 24085 0 0 0 0 0 0 0 17099 16863 166 ms:798
07:28:11  25012 24102 24107 24091 0 0 0 0 0 0 0 17178 16784 202 ms:937
07:28:12  25013 24097 24109 24097 0 0 0 0 0 0 0 17099 16863 206 ms:797
07:28:13  25012 24095 24100 24093 0 0 0 0 1 0 0 17099 16863 191 ms:797
07:28:14  25009 24082 24091 24071 0 0 0 0 0 0 0 17099 16863 143 ms:796
07:28:15  25011 24073 24081 24048 0 0 0 0 0 0 0 17099 16863 103 ms:796
07:28:16  25006 24062 24073 24062 0 0 0 0 0 0 0 17099 16863 93 ms:794
07:28:17  25006 24061 24068 24056 0 0 0 0 0 0 0 17099 16863 81 ms:813
07:28:18  25009 24067 24071 24063 0 0 0 0 0 0 0 17099 16863 100 ms:812
07:28:19  25013 24071 24084 24071 0 0 0 0 0 0 0 17178 16784 129 ms:951
07:28:20  25010 24050 24077 24050 0 0 0 0 0 0 0 17099 16863 77 ms:809
07:28:21  25009 24048 24059 24045 0 0 0 0 0 0 0 17099 16863 51 ms:808
07:28:22  25013 24055 24063 24050 0 0 0 0 0 0 0 17099 16863 71 ms:807
07:28:23  25012 24085 24085 24075 0 1 0 0 0 0 0 17099 16863 148 ms:807
07:28:24  25009 24077 24086 24072 0 0 0 0 0 0 0 17099 16863 134 ms:806
07:28:25  25005 24068 24079 24068 0 0 0 0 0 0 0 17099 16863 110 ms:805
07:28:26  25009 24093 24093 24071 0 0 0 0 0 0 0 17099 16863 156 ms:805
07:28:27  25013 24105 24112 24091 0 0 0 0 0 0 0 17099 16863 211 ms:803
07:28:28  25009 24097 24108 24095 0 0 0 0 0 0 0 17099 16863 199 ms:802
07:28:29  25015 24093 24098 24089 0 0 0 0 0 0 0 17099 16863 185 ms:800
07:28:30  25015 24106 24106 24096 0 0 0 0 0 0 0 17178 16784 213 ms:938
07:28:31  25014 24081 24100 24081 0 0 0 0 0 0 0 17178 16784 166 ms:937
07:28:32  25017 24090 24096 24083 0 0 0 0 0 0 0 17099 16863 176 ms:796
07:28:33  25019 24102 24112 24102 0 0 0 0 0 0 0 17178 16784 225 ms:934
07:28:34  25020 24105 24109 24098 0 0 0 0 0 0 0 17099 16942 301 ms:813
07:28:35  25022 24096 24105 24087 0 0 0 0 0 0 0 17099 16863 200 ms:811
07:28:36  25022 24097 24098 24089 0 0 0 0 0 0 0 17099 16863 196 ms:810
07:28:37  25016 24074 24087 24072 0 0 0 0 0 0 0 17099 16863 139 ms:808
07:28:38  25014 24057 24076 24057 0 0 0 0 0 0 0 17178 16784 94 ms:947
07:28:39  25014 24079 24084 24074 0 1 0 0 0 0 1 17099 16863 143 ms:806
07:28:40  25017 24104 24104 24091 0 0 0 0 0 0 0 17099 16863 206 ms:805
07:28:41  25014 24089 24098 24080 0 0 0 0 0 0 0 17099 16863 171 ms:804
07:28:42  25011 24066 24084 24066 0 0 0 0 0 0 0 17099 16863 117 ms:803
07:28:43  25012 24069 24069 24054 0 0 0 0 0 0 0 17099 16863 94 ms:802
07:28:44  25013 24077 24078 24070 0 0 0 0 0 0 0 17099 16863 128 ms:801
07:28:45  25014 24086 24089 24072 0 0 0 0 0 0 0 17099 16863 151 ms:800
07:28:46  25016 24090 24090 24063 0 0 1 0 0 0 0 17099 16863 150 ms:799
07:28:47  25018 24071 24091 24068 0 0 0 0 0 0 0 17099 16863 138 ms:797
07:28:48  25018 24060 24079 24060 0 0 0 0 0 0 0 17099 16863 107 ms:796
07:28:49  25015 24033 24048 24033 0 0 0 0 0 1 0 17020 16784 65398 ms:796
07:28:50  25016 24058 24059 24044 0 0 0 0 0 0 0 17099 16863 67 ms:794
07:28:51  25016 24063 24077 24063 0 0 0 0 0 0 0 17099 16863 109 ms:812
07:28:52  25012 24074 24082 24070 0 0 0 0 0 0 0 17099 16863 128 ms:811
07:28:53  25015 24071 24078 24064 0 -1 1 0 0 0 0 17099 16863 118 ms:810
07:28:54  25018 24095 24097 24084 0 0 0 0 0 0 0 17099 16863 184 ms:809
07:28:55  25016 24093 24093 24080 0 0 0 0 0 0 0 17099 16863 172 ms:808
07:28:56  25015 24074 24082 24067 0 0 0 0 0 0 0 17178 16784 128 ms:947
07:28:57  25014 24087 24090 24079 0 0 0 0 0 0 0 17099 16863 160 ms:806
07:28:58  25009 24103 24112 24091 0 0 0 0 0 0 0 17099 16863 205 ms:805
07:28:59  25008 24103 24103 24093 0 0 0 0 0 0 0 17099 16863 197 ms:805
07:29:00  25008 24111 24116 24105 0 0 0 0 0 0 0 17099 16863 230 ms:805
07:29:01  25009 24114 24119 24114 1 0 0 0 0 0 0 17099 16863 247 ms:805
07:29:02  25012 24114 24125 24114 0 0 0 0 0 0 0 17099 16863 255 ms:805
07:29:03  25011 24127 24127 24113 0 0 0 0 0 0 0 17099 16942 347 ms:803
07:29:04  25014 24107 24108 24099 0 0 0 0 0 0 0 17099 16863 218 ms:802
07:29:05  25013 24108 24114 24107 0 0 0 0 0 0 0 17099 16863 232 ms:801
07:29:06  25008 24089 24103 24087 0 0 0 0 0 0 0 17099 16863 177 ms:819
07:29:07  25010 24100 24100 24077 0 1 0 0 0 0 0 17099 16863 178 ms:799
07:29:08  25015 24123 24123 24099 0 0 0 0 1 0 0 17099 16863 251 ms:799
07:29:09  25012 24090 24111 24090 0 0 0 0 0 0 0 17099 16863 193 ms:799
07:29:10  25013 24101 24103 24087 0 0 0 0 0 0 0 17099 16942 273 ms:797
07:29:11  25010 24093 24105 24092 0 0 0 0 0 0 1 17099 16942 270 ms:796
07:29:12  25009 24088 24096 24088 1 0 1 0 0 0 0 17099 16863 173 ms:794
07:29:13  25011 24100 24101 24086 0 0 0 0 0 0 0 17099 16863 188 ms:813
07:29:14  25008 24102 24106 24098 0 0 0 0 0 0 0 17099 16863 204 ms:814
07:29:15  25006 24081 24099 24076 0 0 0 0 0 1 0 17099 16863 153 ms:814
07:29:16  25009 24085 24098 24077 0 0 0 0 0 0 0 17099 16863 159 ms:813
07:29:17  25007 24106 24113 24100 0 0 0 0 0 0 0 17099 16863 216 ms:812
07:29:18  25007 24095 24098 24092 0 0 0 0 0 0 0 17099 16863 182 ms:812
07:29:19  25010 24103 24103 24089 0 0 0 0 0 0 1 17099 16863 196 ms:812
07:29:20  25009 24108 24110 24096 0 0 0 0 0 0 0 17099 16942 292 ms:812
07:29:21  25007 24094 24098 24090 0 0 0 0 0 0 0 17099 16863 179 ms:813
07:29:22  25004 24098 24098 24086 0 0 0 0 0 0 0 17099 16863 176 ms:813
07:29:23  25006 24102 24111 24094 0 0 0 0 0 0 0 17178 16784 203 ms:953
07:29:24  25005 24102 24102 24089 0 0 0 0 0 0 0 17099 16863 188 ms:812
07:29:25  25010 24092 24103 24087 0 0 0 0 0 0 0 17099 16863 182 ms:811
07:29:26  25006 24099 24106 24096 0 0 0 0 0 0 0 17099 16863 197 ms:810
07:29:27  25004 24056 24064 24050 0 0 0 0 0 0 0 17099 16863 64 ms:809
07:29:28  25006 24083 24083 24063 0 0 0 0 0 0 0 17178 16784 125 ms:948
07:29:29  25006 24074 24083 24072 0 0 0 0 0 0 0 17099 16863 125 ms:807
07:29:30  25007 24073 24083 24065 0 0 0 0 0 0 0 17099 16863 118 ms:806
07:29:31  25008 24085 24096 24083 0 0 0 1 0 0 0 17099 16863 163 ms:805
07:29:32  25010 24086 24091 24080 0 0 0 0 0 0 0 17099 16863 157 ms:804
07:29:33  25013 24078 24081 24062 0 0 0 0 0 0 0 17099 16863 124 ms:803
07:29:34  25015 24083 24094 24078 0 0 0 0 0 0 0 17099 16863 160 ms:802
07:29:35  25013 24092 24103 24085 0 0 0 0 0 0 0 17099 16863 183 ms:801
07:29:36  25010 24075 24079 24067 0 0 0 0 0 0 0 17099 16863 121 ms:800
07:29:37  25007 24074 24080 24069 0 0 0 0 0 0 0 17099 16863 120 ms:798
07:29:38  25003 24083 24083 24070 0 0 0 0 0 0 0 17099 16863 129 ms:798
07:29:39  25001 24093 24100 24086 0 0 0 0 0 0 0 17099 16863 170 ms:798
07:29:40  24999 24104 24104 24096 0 0 0 0 0 0 0 17099 16863 193 ms:798
07:29:41  24997 24105 24121 24098 0 0 1 1 0 0 0 17099 16863 213 ms:798
07:29:42  25000 24122 24122 24116 0 0 0 0 0 0 0 17099 16863 250 ms:797
07:29:43  24998 24120 24132 24120 0 0 0 0 0 0 0 17099 16863 260 ms:797
07:29:44  25000 24112 24113 24105 0 0 0 0 0 0 0 17099 16863 220 ms:796
07:29:45  25001 24118 24125 24115 0 0 0 0 0 0 0 17099 16863 249 ms:796
07:29:46  25003 24110 24117 24099 0 0 0 0 0 0 0 17099 16863 219 ms:795
07:29:47  25001 24106 24114 24101 0 0 0 0 0 0 0 17257 16863 370 ms:795
07:29:48  25003 24106 24106 24087 0 0 0 0 1 0 0 17178 16863 272 ms:795
07:29:49  24997 24114 24114 24099 0 0 0 0 0 0 0 17178 16863 293 ms:794
07:29:50  25000 24100 24108 24098 0 0 0 0 0 0 0 17099 16863 196 ms:814
07:29:51  25006 24131 24131 24117 1 0 0 0 0 0 0 17099 16863 276 ms:813
07:29:52  25005 24096 24120 24096 0 0 0 0 0 0 0 17099 16863 207 ms:812
07:29:53  25008 24069 24098 24069 1 0 0 0 0 0 0 17099 16784 56 ms:811
07:29:54  25044 24082 24083 24073 0 0 1 0 0 0 0 17020 16863 94 ms:810
07:29:55  25009 24072 24074 24063 0 0 0 0 0 0 0 17020 16784 65486 ms:808
07:29:56  25009 24070 24087 24070 0 0 0 0 0 0 0 17099 16705 0 ms:947
07:29:57  25006 24071 24083 24071 0 0 0 0 1 0 0 17020 16784 65500 ms:806
07:29:58  25008 24064 24064 24032 0 0 -1 0 0 0 0 16942 16784 65357 ms:805
07:29:59  25006 24074 24074 24068 0 0 0 0 0 0 0 16942 16784 65412 ms:804
07:30:00  25004 24062 24071 24055 0 0 0 0 0 0 0 16942 16784 65382 ms:803
07:30:01  25003 24082 24083 24072 0 0 0 0 0 0 0 16942 16784 65430 ms:803
07:30:02  25006 24084 24087 24061 0 0 0 0 0 0 0 16942 16705 65349 ms:802
07:30:03  25005 24074 24080 24069 0 0 0 1 0 0 0 16942 16705 65340 ms:802
07:30:04  25000 24052 24066 24049 0 0 0 0 0 0 0 16942 16705 65278 ms:801
07:30:05  25001 24055 24055 24042 0 0 0 0 0 0 0 16942 16705 65264 ms:801
07:30:06  25001 24054 24062 24046 0 0 0 0 0 0 0 16863 16705 65195 ms:800
07:30:07  25004 24055 24057 24045 0 0 0 0 0 0 0 16863 16705 65193 ms:800
07:30:08  25008 24078 24087 24071 0 0 0 0 0 0 0 16942 16705 65355 ms:800
07:30:09  25013 24077 24081 24070 0 0 0 0 0 0 0 16863 16705 65273 ms:799
07:30:10  25013 24061 24073 24061 0 0 0 0 0 0 0 16863 16626 65161 ms:798
07:30:11  25012 24028 24052 24028 0 0 0 0 0 0 1 16863 16626 65074 ms:796
07:30:12  25008 24033 24033 23982 0 1 0 0 0 0 0 17178 16626 65325 ms:795
07:30:13  25010 24043 24048 24024 0 0 0 0 0 0 0 17178 16626 65393 ms:793
07:30:14  25003 24032 24044 24031 0 0 0 0 0 0 0 16942 16548 65064 ms:952
07:30:15  24999 24025 24035 24018 0 0 1 0 0 0 0 16863 16548 64953 ms:952
07:30:16  25003 24062 24063 24039 0 0 0 0 0 0 0 16863 16626 65120 ms:811
07:30:17  25002 24065 24078 24064 0 0 0 0 0 0 0 16784 16626 65083 ms:810
07:30:18  24999 24034 24055 24034 0 0 0 0 0 0 0 16784 16548 64918 ms:810
07:30:19  25005 24051 24055 24044 0 0 0 0 0 0 0 16784 16626 65029 ms:809
07:30:20  25006 24074 24074 24062 0 0 0 0 0 0 0 16863 16626 65169 ms:808
07:30:21  25010 24053 24058 24053 0 1 0 1 0 0 0 16784 16626 65050 ms:807
07:30:22  25011 24047 24055 24045 0 0 0 0 0 0 0 16784 16548 64954 ms:805
07:30:23  25009 24031 24040 24029 0 0 0 0 0 0 0 16784 16548 64905 ms:804
07:30:24  25006 24034 24034 24022 0 0 0 0 0 0 0 16784 16548 64892 ms:804
07:30:25  25010 24028 24034 24014 0 0 0 0 0 0 0 16705 16548 64803 ms:804
07:30:26  25008 24051 24051 24025 0 0 0 0 0 0 0 16784 16548 64931 ms:804
07:30:27  25007 24042 24049 24036 0 0 0 0 0 0 0 16784 16548 64930 ms:804
07:30:28  25010 24055 24055 24038 0 0 0 0 0 0 0 16784 16548 64954 ms:804
07:30:29  25013 24054 24054 24044 0 0 0 0 0 0 0 16784 16548 64961 ms:803
07:30:30  25018 24053 24057 24050 0 0 0 0 0 0 0 16705 16548 64895 ms:802
07:30:31  25012 24042 24046 24034 0 0 0 0 0 0 0 16784 16548 64930 ms:801
07:30:32  25012 24005 24023 24005 0 0 0 0 0 0 0 16705 16469 64683 ms:800
07:30:33  25015 24032 24034 24024 0 0 0 0 0 0 0 16705 16469 64743 ms:800
07:30:34  25012 24038 24038 24022 0 0 0 0 1 0 0 16705 16469 64749 ms:800
07:30:35  25014 24024 24029 24015 0 0 0 0 0 0 0 16705 16469 64720 ms:799
07:30:36  25010 24030 24037 24028 0 0 0 0 0 0 0 16705 16469 64743 ms:797
07:30:37  25008 24024 24024 24012 0 0 0 0 0 0 0 16705 16469 64706 ms:796
07:30:38  25009 24036 24043 24029 0 0 0 0 0 0 0 16784 16390 64755 ms:934
07:30:39  25011 24043 24049 24041 0 0 0 0 0 0 1 16705 16469 64783 ms:814
07:30:40  25014 24037 24049 24037 0 0 0 0 0 0 0 16705 16548 64854 ms:813
07:30:41  25013 24049 24049 24040 0 0 0 0 0 0 0 16705 16469 64789 ms:812
07:30:42  25012 24031 24036 24025 0 0 0 0 0 0 0 16705 16469 64742 ms:811
07:30:43  25006 24024 24024 24018 0 0 1 0 0 0 0 16705 16469 64711 ms:810
07:30:44  25006 24034 24034 24015 0 0 0 0 0 0 0 16705 16469 64727 ms:809
07:30:45  25004 24039 24040 24026 0 0 0 0 0 1 0 16705 16469 64748 ms:808
07:30:46  24998 24036 24043 24031 0 0 0 0 0 0 0 16784 16390 64746 ms:947
07:30:47  24999 24043 24043 24026 0 0 0 0 0 0 0 16705 16469 64749 ms:806
07:30:48  25001 24052 24052 24039 0 0 0 0 0 0 0 16705 16469 64782 ms:805
07:30:49  25001 24046 24059 24046 0 0 0 0 0 0 0 16705 16469 64790 ms:805
07:30:50  25006 24046 24061 24045 0 0 0 0 0 0 0 16705 16469 64796 ms:805
07:30:51  25010 24057 24065 24056 0 0 0 0 0 0 0 16705 16469 64826 ms:805
07:30:52  25012 24054 24054 24043 0 0 0 0 0 0 0 16705 16469 64801 ms:805
07:30:53  25013 24039 24044 24033 0 0 0 0 0 0 0 16705 16469 64767 ms:804
07:30:54  25015 24037 24045 24030 0 0 0 0 0 0 0 16705 16548 64844 ms:802
07:30:55  25013 24017 24027 24017 0 0 0 0 0 0 0 16705 16469 64712 ms:801
07:30:56  25010 24020 24020 24012 1 0 0 0 0 0 0 16705 16469 64701 ms:800
07:30:57  25012 24028 24028 24017 0 0 0 0 0 0 0 16705 16469 64723 ms:800
07:30:58  25006 24025 24035 24023 0 0 0 0 0 0 0 16705 16469 64727 ms:800
07:30:59  25010 24041 24041 24021 0 0 0 0 0 0 0 16705 16469 64751 ms:800
07:31:00  25013 24057 24059 24048 0 0 0 0 0 0 0 16705 16548 64894 ms:799
07:31:01  25017 24050 24061 24050 0 0 0 0 0 0 0 16705 16548 64895 ms:797
07:31:02  25018 24041 24047 24033 0 0 0 0 0 0 0 16705 16469 64777 ms:796
07:31:03  25019 24030 24043 24025 0 0 0 0 0 0 0 16705 16469 64755 ms:794
07:31:04  25015 24019 24031 24018 0 0 0 0 0 0 0 16942 16469 64958 ms:813
07:31:05  25018 24032 24032 24022 0 0 0 0 0 0 0 16705 16469 64742 ms:813
07:31:06  25013 24016 24027 24016 0 0 0 0 0 0 0 16705 16469 64710 ms:812
07:31:07  25011 24017 24018 24013 0 0 0 0 1 0 0 16942 16469 64935 ms:811
07:31:08  25005 24034 24034 24026 0 0 0 0 0 0 0 16784 16390 64737 ms:950
07:31:09  24998 24039 24054 24033 0 0 0 0 0 0 0 16705 16469 64762 ms:809
07:31:10  24993 24035 24041 24030 0 0 0 0 0 0 0 16705 16469 64737 ms:809
07:31:11  24994 24066 24078 24049 0 0 0 0 0 0 0 16784 16469 64904 ms:809
07:31:12  24986 24069 24080 24067 0 0 0 0 0 0 0 16705 16469 64840 ms:809
07:31:13  24985 24051 24061 24046 0 0 0 0 0 0 0 16705 16469 64781 ms:809
07:31:14  24987 24079 24084 24066 0 0 1 0 0 0 0 16784 16390 64855 ms:949
07:31:15  24988 24086 24088 24075 0 0 0 0 0 0 0 16705 16469 64875 ms:809
07:31:16  24994 24079 24085 24067 0 0 0 0 0 0 0 16705 16469 64863 ms:809
07:31:17  24993 24056 24085 24056 0 0 0 0 0 0 0 16705 16469 64828 ms:809
07:31:18  24996 24061 24068 24049 0 0 0 0 0 0 0 16705 16469 64812 ms:808
07:31:19  24997 24022 24052 24022 0 0 0 0 0 0 0 16705 16469 64731 ms:808
07:31:20  24996 24049 24049 24043 0 0 0 0 0 0 0 16626 16469 64696 ms:808
07:31:21  24997 24051 24051 24039 0 0 0 0 0 0 0 16626 16469 64697 ms:807
07:31:22  24993 24033 24044 24029 0 0 0 0 0 0 0 16626 16469 64658 ms:807
07:31:23  24991 24042 24042 24029 0 0 0 0 0 0 0 16705 16469 64742 ms:807
07:31:24  24992 24052 24052 24027 0 0 0 0 0 0 0 16626 16469 64682 ms:806
07:31:25  24995 24066 24068 24059 1 0 0 0 0 0 0 16784 16390 64827 ms:947
07:31:26  24997 24062 24075 24059 0 0 0 0 0 0 0 16784 16390 64831 ms:946
07:31:27  24999 24061 24061 24037 0 0 0 0 0 0 0 16705 16469 64796 ms:806
07:31:28  25002 24038 24047 24032 0 0 0 0 0 0 0 16705 16469 64757 ms:806
07:31:29  25001 24046 24049 24040 0 0 0 0 0 0 0 16626 16469 64695 ms:805
07:31:30 

RMS2 Version 1.0  20230831

time code not received06:28:15  25008 24034 24035 24020 0 0 0 0 0 0 0 16705 16469 64735 ms:808
00:00:00  25009 24025 24034 24025 0 0 0 0 0 0 0 16705 16469 64731 ms:807
00:00:01  25010 24031 24032 24027 0 0 0 0 0 0 0 16705 16469 64738 ms:806
00:00:02  25010 24032 24036 24021 0 0 0 0 0 0 0 16626 16469 64658 ms:805
00:00:03  25010 24035 24035 24018 0 0 0 0 0 0 0 16626 16469 64657 ms:803
00:00:04  25010 24039 24045 24034 0 0 0 0 0 0 0 16626 16469 64687 ms:802
00:00:05  25008 24029 24045 24029 0 0 0 0 0 0 0 16705 16469 64749 ms:800
00:00:06  25013 24049 24049 24036 0 0 0 0 0 0 0 16705 16469 64785 ms:799
00:00:07  25013 24048 24057 24048 0 0 0 0 0 0 0 16705 16469 64804 ms:798
00:00:08  25010 24036 24048 24036 0 0 0 0 0 0 0 16705 16469 64768 ms:798
00:00:09  25006 24023 24024 24019 0 0 0 0 0 0 0 16784 16390 64710 ms:937
00:00:10  25000 24015 24021 24004 0 0 0 0 0 0 0 16705 16390 64599 ms:937
00:00:11  24996 24021 24021 24007 0 0 0 0 0 0 0 16626 16469 64604 ms:797
00:00:12  24994 24044 24044 24027 0 0 0 0 0 1 0 16705 16469 64748 ms:796
00:00:13  24994 24058 24063 24046 0 0 0 0 0 0 0 16705 16469 64799 ms:796
00:00:14  24993 24044 24054 24044 0 0 0 0 0 0 0 16705 16469 64773 ms:795
00:00:15  24990 24047 24049 24038 0 0 0 0 0 0 0 17020 16469 65077 ms:796
00:00:16  24994 24056 24069 24055 0 0 0 0 0 0 0 16705 16469 64812 ms:796
00:00:17  24996 24077 24077 24065 0 0 0 0 0 0 0 16705 16469 64853 ms:795
00:00:18 

RMS2 Version 1.0  20230831
231013 07:32:08 
07:32:08  25001 24057 24057 24041 0 0 0 0 0 0 1 16705 16469 64795 ms:803
07:32:09  25000 24049 24063 24049 0 0 0 0 0 0 0 16705 16469 64799 ms:802
07:32:10  25002 24056 24056 24036 0 0 0 0 0 0 0 16705 16469 64788 ms:802
07:32:11  24999 24061 24067 24053 0 0 0 0 0 0 0 16705 16469 64818 ms:801
07:32:12  24994 24035 24047 24027 0 0 0 0 0 1 0 16626 16469 64663 ms:801
07:32:13  24996 24050 24050 24041 0 0 0 0 0 0 0 16705 16469 64775 ms:800
07:32:14  24998 24058 24065 24052 0 0 0 0 0 0 0 16705 16469 64811 ms:800
07:32:15  24994 24056 24066 24047 0 0 0 0 0 0 0 16705 16469 64801 ms:800
07:32:16  24994 24052 24060 24032 0 0 0 0 0 0 0 16705 16469 64776 ms:800
07:32:17  24993 24043 24054 24042 0 1 0 0 0 0 0 16626 16469 64692 ms:800
07:32:18  24991 24055 24062 24050 0 0 0 0 0 0 0 16705 16469 64796 ms:799
07:32:19  24992 24073 24073 24066 0 0 0 0 0 0 0 16705 16469 64842 ms:799
07:32:20  24987 24072 24081 24067 0 0 0 0 0 0 0 16784 16390 64845 ms:938
07:32:21  24987 24056 24056 24046 0 0 0 0 0 0 0 16705 16390 64704 ms:799
07:32:22  24992 24064 24074 24052 0 0 0 0 0 0 0 16626 16469 64741 ms:799
07:32:23  24988 24077 24085 24077 0 0 0 0 0 0 0 16705 16469 64865 ms:799
07:32:24  24991 24075 24075 24055 0 0 0 0 0 0 0 16705 16469 64834 ms:800
07:32:25  24993 24081 24082 24068 0 0 0 0 0 0 0 16705 16469 64862 ms:800
07:32:26  24988 24047 24065 24041 0 0 0 0 0 0 0 16705 16469 64779 ms:800
07:32:27  24988 24040 24054 24027 0 0 0 0 0 0 0 16705 16390 64668 ms:799
07:32:28  24990 24056 24061 24046 0 1 0 0 0 0 0 16626 16469 64713 ms:800
07:32:29  24990 24068 24070 24060 0 0 0 0 0 0 0 16705 16469 64826 ms:799
07:32:30  24994 24054 24065 24037 0 0 0 0 0 0 0 16784 16390 64788 ms:939
07:32:31  24995 24050 24050 24035 0 0 0 0 0 0 0 16705 16469 64768 ms:799
07:32:32  24996 24036 24037 24026 0 0 0 0 0 0 0 16626 16469 64654 ms:799
07:32:33  25002 24039 24050 24028 0 0 0 0 0 0 0 16626 16469 64678 ms:799
07:32:34  24999 24049 24063 24049 0 0 0 0 0 0 0 16705 16469 64798 ms:797
07:32:35  24998 24046 24055 24034 0 0 0 0 0 0 0 16626 16469 64692 ms:797
07:32:36  25003 24040 24050 24040 0 0 0 0 0 0 0 16626 16469 64692 ms:796
07:32:37  25009 24084 24084 24068 0 0 0 0 0 0 1 16705 16469 64884 ms:795
07:32:38  25009 24073 24083 24065 0 0 0 0 0 0 0 17099 16469 65262 ms:793
07:32:39  25008 24048 24065 24048 0 0 0 0 0 0 0 16705 16469 64807 ms:813
07:32:40  25012 24070 24070 24049 0 0 0 0 0 0 0 16705 16469 64839 ms:814
07:32:41  25008 24057 24067 24040 0 0 0 0 0 0 0 16705 16469 64810 ms:813
07:32:42  25009 24044 24068 24044 0 0 0 0 0 0 0 16705 16469 64803 ms:812
07:32:43  25005 24051 24053 24017 0 0 0 0 0 0 0 16626 16469 64685 ms:812
